0.00014582
0.00040851
0.00017283
0.000132
-2.047e-05
9.2575e-05
7.9002e-05
-8.5791e-06
-4.1819e-05
0.00031151
0.00035156
9.4559e-05
8.2856e-05
7.1446e-05
0.0001596
-3.1663e-05
-8.9437e-05
0.00026005
-0.0001786
9.0679e-05
0.00012509
-0.00019076
-0.00035608
0.00016328
-4.9054e-05
0.00095723
-0.00064377
0.00067141
-0.0002447
-0.00063962
-0.0007185
0.00023526
-0.00011813
-4.9208e-05
0.0001657
1.3482e-05
-2.8747e-05
-0.00067978
5.2368e-05
-9.905e-06
0.00020501
7.3646e-05
-6.6007e-05
-2.6261e-05
4.6931e-05
-7.8998e-05
-0.00011197
0.00026167
0.00033376
-2.4939e-05
-0.00045779
9.9044e-05
-3.4395e-05
-0.000262
0.00014364
0.00011633
0.00023388
-0.0013696
-0.00037465
0.00020701
9.8106e-05
2.8965e-05
0.0002988
-1.8724e-05
0.00023822
0.00014573
0.00020628
-1.6493e-05
-9.0744e-05
1.7437e-05
-0.00016277
-0.00011904
-3.6369e-05
7.1316e-05
-1.3881e-05
-0.00012018
-0.00053664
-0.0001921
0.00074656
-0.00011655
-0.0001384
-7.6381e-05
8.6866e-05
-2.9735e-06
-0.00098969
-0.00077329
1.5764e-05
0.00019732
-0.00041941
0.0007592
-0.00014603
-0.00074425
0.00061122
0.00029461
0.00042
-4.3134e-05
-2.1328e-05
-0.0001613
-2.9676e-05
-0.00044198
8.6618e-05
0.00015266
0.00013503
-5.7778e-06
-0.00010332
6.0668e-06
8.2336e-05
0.00014503
-0.00014563
2.521e-05
5.2146e-05
2.3204e-05
-5.8612e-05
0.00016809
0.00036132
8.8168e-05
0.00016161
-0.00076086
3.4137e-05
0.00024011
2.2095e-05
0.00038922
-5.1915e-05
0.00020379
-4.6002e-05
0.00016093
-6.5712e-05
8.9921e-05
0.00027687
1.5066e-05
-7.2252e-06
-5.5194e-05
9.5269e-06
-0.00020122
2.1803e-05
0.00020036
-0.00043187
0.0004396
-6.9587e-05
-0.00021104
-0.00028539
0.00013242
-0.0002837
-0.0005103
1.384e-05
-0.00051394
0.00050333
-0.00068474
-0.00022095
-0.00051157
-0.00034981
0.0007077
-0.0001125
0.00054669
-0.00018423
0.00016768
-4.1776e-05
0.00038241
-0.00017817
-4.6854e-05
1.2464e-05
0.00014171
-4.4975e-05
-1.5742e-05
-7.1993e-05
-2.2662e-05
0.0002486
0.00010639
-9.4777e-05
8.7704e-05
-2.6556e-05
-4.1361e-05
-1.8804e-05
0.00021355
0.00020709
0.00044192
-0.001171
-0.00058809
0.0003732
-3.6696e-05
0.00022974
-0.00010105
4.1212e-05
-0.00012062
-9.4559e-05
-0.00011249
9.5429e-05
-7.2754e-05
-0.00027227
-0.0003444
-0.00022199
-0.00025469
-4.986e-05
-9.5573e-06
6.584e-05
-0.00027356
2.2119e-05
-0.00043474
5.4107e-05
-0.00014321
0.00035179
-0.00022858
-0.00033636
0.00026477
-0.00043486
0.00054087
-6.037e-05
0.00022311
0.00013846
-5.4346e-05
0.00063246
-0.00022147
0.00037057
-0.00023238
0.00047533
4.5444e-05
0.0007288
-0.00011672
-0.00023019
-9.6121e-05
1.2388e-05
-7.5582e-05
0.00015784
0.00014757
0.00026458
0.00011382
2.611e-05
-0.0002939
6.2102e-05
-0.00014456
0.00020699
7.9529e-05
0.00021849
6.8968e-06
0.00039356
-0.0012418
-8.5434e-05
0.00016169
-3.4577e-05
0.00026103
-7.6497e-05
0.00017948
-0.00013673
0.00010849
-0.0001913
8.8033e-05
4.996e-05
-0.00010842
0.00011172
-8.3235e-05
-5.8367e-05
-0.0001472
-3.2994e-05
-6.2267e-05
-0.00013527
0.00027559
0.00011847
0.00015745
-0.00050061
0.00030892
-0.00029625
-7.1271e-05
-0.00017597
0.00029911
0.0011326
-0.0013419
-2.9582e-05
-0.00017977
-0.00034316
0.00032519
0.00010211
0.0013971
-0.00055574
0.00013607
-0.0001988
0.00026058
-0.00027815
0.00011711
0.00014139
-0.00016261
-0.0001163
-8.1663e-05
-0.00018385
8.5195e-05
6.5458e-05
0.00019776
-0.00030386
0.00013444
-3.8043e-05
7.0092e-05
-2.0039e-05
0.0001026
0.00010316
0.00049844
-0.001514
0.00022779
0.00020382
-2.6519e-05
9.8822e-05
-4.8829e-05
0.00032264
-6.7351e-05
0.00015298
-7.9928e-06
-7.3016e-05
3.2088e-05
3.7245e-05
1.862e-05
-8.0286e-05
0.00012196
2.1793e-05
4.957e-05
-0.0001136
-5.8607e-05
0.00014513
-0.00022006
0.00024126
-0.00014489
-9.8055e-05
-0.00010835
0.00046713
-3.5329e-05
-0.0002445
0.00065643
-0.0011367
-0.00059097
-0.00082261
-0.00042495
0.00021482
3.937e-05
0.00038897
-0.00015191
0.00037325
-0.00015452
-0.0003694
-0.00010363
-1.9117e-05
0.00020512
0.00015437
-0.00014113
5.4647e-05
0.00010211
1.2258e-05
0.00012657
5.7071e-05
-0.00011458
0.00010738
5.4609e-05
0.0002555
6.5538e-05
7.9824e-05
-0.00014097
0.00055282
-0.00069826
0.00045343
0.00058604
-3.4013e-05
4.388e-05
7.6217e-05
0.00020232
-1.1344e-05
-1.9298e-05
9.4546e-05
-1.0777e-05
-5.6414e-05
0.00018524
0.00015318
-8.223e-08
-3.4711e-05
0.00013707
0.00021408
9.7186e-05
2.7453e-05
5.1612e-05
3.2336e-05
0.00023568
-0.00047524
0.00019158
-0.00012148
0.00045727
-7.836e-05
-9.9615e-05
4.9605e-05
-0.0010291
0.00034568
-0.00010994
-0.00011447
-0.00013334
1.912e-05
0.00013802
2.8971e-05
-0.00058779
6.571e-05
-0.0002977
-6.0234e-05
3.3618e-05
0.00025866
0.00010439
-7.4526e-05
0.00013348
0.00030095
-6.3925e-05
-0.00014833
3.9948e-05
1.5246e-05
-7.8812e-05
-6.5929e-05
0.00025939
0.00021656
-0.00013669
-1.212e-05
-0.00086977
-0.0010791
1.017e-05
0.00035939
0.00014389
-3.8133e-05
-8.3728e-05
0.00027952
8.1852e-05
-0.00015636
-3.575e-05
0.00028191
0.0001464
-0.00022476
-0.00017229
-0.0001179
-1.1494e-05
-0.00012439
4.3573e-05
0.00055746
0.00014069
-0.0010206
-0.00032743
-0.00073028
-0.0001306
1.4129e-05
0.00010913
0.0015465
-0.00049709
-0.00045678
-0.00060998
-0.00056087
0.00065402
0.00037528
0.00016496
0.00096737
-0.00043407
-0.0003626
-0.0003171
-0.00017216
2.1545e-05
0.00027794
0.00023092
-0.00025013
8.8149e-05
-0.00012977
-0.00018712
-4.7682e-05
0.00010199
0.00066481
0.00030493
-0.0003183
-5.4642e-05
-5.6367e-05
-0.0001102
-0.00012473
0.00028156
0.00023368
-4.6189e-05
-0.00051136
-0.00021556
0.00041931
0.00047182
0.0001559
0.0006152
-5.7316e-05
3.2242e-05
-6.2018e-05
7.3498e-05
-4.6155e-05
0.00016265
0.00035221
0.00010957
-0.00011034
-7.2485e-05
-0.00010975
-9.6564e-05
-4.0961e-05
0.0003693
0.00084264
0.00019849
-0.00077539
-0.00027646
-0.00029946
-0.00042595
9.1828e-05
0.0018957
0.00012909
-0.0016308
-0.0014189
-0.00044094
-0.00085785
-0.00011114
-0.00018575
0.0017816
-0.00014203
-0.00071706
-0.00058119
-0.0005389
-0.00094283
0.00063899
9.3811e-05
9.5753e-05
-2.8842e-05
-0.00028808
-0.0005721
-0.00045314
-2.2194e-05
0.00025354
0.00038791
2.7065e-05
0.00012872
-1.3107e-05
-0.00036529
2.0151e-05
0.00020099
0.0003353
-1.2663e-06
-5.481e-05
0.0013011
0.00011502
0.00013691
-1.9219e-05
0.00080957
-0.00010008
7.6904e-05
1.4386e-05
0.00043952
1.143e-05
6.6224e-05
3.4817e-05
5.6855e-05
-1.0577e-05
-6.9137e-05
-5.5365e-05
-0.00011419
0.000113
0.00024593
-0.000213
0.0002846
-0.00075507
-0.00022511
-0.00014184
0.00025659
0.00025437
-0.00048431
3.7726e-05
-0.0014879
-0.0019345
-0.00028389
2.5139e-06
0.00096188
-0.00019197
0.00038415
-0.00075695
-0.00034104
-0.00025411
5.7357e-05
-7.7147e-05
0.0017813
-0.00085794
-0.00057577
-0.00011911
-4.0132e-05
-5.6561e-05
7.456e-05
0.00019694
0.00026854
-2.3944e-05
2.0575e-05
-2.5252e-05
1.9206e-05
-0.00019941
0.00017273
-1.1311e-05
0.00038521
-0.00045003
6.529e-05
0.0019761
-0.00034337
-1.1166e-05
-7.6416e-05
0.00043391
-0.000121
-0.00013712
-7.3261e-05
0.00055173
-8.5772e-05
-4.6194e-05
-0.00012473
-0.00018709
-0.00029766
-0.00014629
-0.00010152
0.00010423
4.8324e-05
-0.00021475
-0.00045372
-0.00011282
-0.00019146
5.1398e-05
-0.00037491
-6.4898e-05
-0.00028161
-0.001299
-0.00053062
2.1835e-05
-0.00013832
-0.00032795
-0.00055975
6.8857e-05
-9.5799e-05
0.00026332
-8.7072e-05
0.00044345
-0.00023339
-6.314e-06
-0.00043085
0.0018124
-0.00038453
0.00014742
-2.4465e-05
-3.0915e-05
5.9784e-05
0.000188
9.6572e-05
0.00014897
8.0747e-05
5.5626e-05
-0.00012695
0.00016779
6.8199e-05
0.0003253
-0.0001278
0.00022379
-4.2212e-05
0.00070096
0.0012744
3.6993e-05
0.00027672
-4.2379e-06
0.0005555
-6.6905e-05
-7.9623e-05
-0.00018603
0.00072054
-7.9635e-05
0.00026034
-5.324e-06
-9.1187e-05
-0.00015206
-0.00029154
-0.00038544
-0.00020232
6.2489e-05
0.00045762
-5.0064e-05
-0.00011031
-0.0007395
-3.862e-05
-0.00040131
0.00015793
0.00033251
2.5096e-05
-0.00023186
-0.0018799
-0.0012479
-0.00053211
-0.0013095
7.4124e-05
0.0014559
0.00029203
-0.00013916
-0.00060368
-0.00078644
-0.00018735
-0.00079735
0.0023803
0.000171
0.00013322
2.0518e-05
-0.0003088
-0.00040094
-0.00030178
0.00015457
0.00029308
0.0003135
0.00016189
-8.4705e-05
-0.00015016
-0.00024611
0.00018193
3.1985e-05
0.00019252
-3.7156e-06
0.00061784
0.0021809
0.00057723
0.00022348
-3.3192e-06
0.00020645
-4.6718e-05
0.00010516
-8.254e-05
0.00068258
2.7683e-05
-3.7801e-05
-0.00012798
-0.00017162
2.6591e-05
-0.00011044
1.7633e-05
-0.0001661
0.00024156
-0.00027985
-8.2924e-05
-0.00021124
-0.00087174
-0.000272
0.00035221
0.00055771
0.000179
-0.00055472
-2.3561e-05
-0.0022646
-0.0015285
-0.00019878
0.0017349
-0.0010571
0.0004202
-0.00027679
-0.00041347
-0.00063785
-0.00023539
0.0016083
3.4098e-05
0.00064685
-0.00062492
-0.00056206
-7.6964e-05
6.3519e-05
0.00020702
0.00039983
0.00027197
0.00024157
-0.00035926
-0.00016967
9.3333e-05
0.00018827
4.7851e-05
0.0002823
0.00015587
-2.7541e-08
-0.00051242
-0.00010636
0.0019188
-6.0427e-05
0.00068719
-3.6786e-05
-0.00019201
-4.411e-05
3.8775e-05
-7.8533e-05
0.00010234
0.00020833
-1.7718e-05
-0.00015445
-0.00020165
-0.00031895
-0.00021203
8.3968e-05
0.00067202
0.0005235
3.4169e-05
-0.00011826
-0.00046945
-0.00028977
-0.00062769
0.00033533
0.00047285
2.1104e-05
0.00095194
-0.00035214
-0.00058209
-0.00021115
-0.0015137
0.0016853
0.00012356
-0.00017595
1.9495e-05
-0.00031656
-0.0003731
-0.00032903
0.0006761
0.00030233
0.00043136
9.4495e-06
-0.00029165
-5.7218e-05
-6.2979e-05
-0.00014578
0.00030221
0.00053053
0.00018969
-0.00016964
-0.0002143
0.0001336
-0.00027883
6.2307e-06
0.00023043
0.00032394
-7.9564e-05
-0.00017067
-0.00066782
-0.00083644
-0.00029734
0.00041875
0.00010504
-0.00023341
-0.00011617
0.00038451
6.7128e-05
-7.9432e-05
-8.3808e-05
5.0344e-05
-0.00011182
-0.00018825
-0.00015358
0.00027352
-3.0312e-05
-0.0001349
-0.00013157
3.4658e-05
-0.00025316
0.00017853
-7.6298e-05
0.0002031
-0.00026772
-0.00016128
-5.5262e-05
0.00051741
0.00024892
-4.9871e-05
-0.0003704
-0.0002169
0.00015082
0.00027816
-0.00029521
-0.00034508
-8.2592e-05
-9.8885e-05
7.5801e-05
0.00033853
0.00011828
0.00026863
-0.00012738
-0.00025134
-2.0862e-05
0.0002381
9.7693e-05
-8.3421e-05
-0.00017686
6.165e-05
-8.9095e-05
-0.00015558
-5.3051e-05
6.9737e-05
-3.293e-05
-9.9727e-06
5.5262e-05
-1.0588e-05
-0.00011535
-0.00038799
0.00055843
-9.2118e-05
6.4127e-05
-3.8445e-05
-0.00062073
-3.3527e-05
1.655e-05
0.00012905
0.00034307
-1.756e-05
-7.1433e-05
-0.00056784
-0.00038893
-0.00012602
0.00013387
0.00024701
8.3946e-05
9.2573e-05
-0.00078601
-0.00061212
-0.00089564
0.00011782
-0.00017886
-3.5432e-06
0.00068488
-9.6523e-05
-5.3911e-05
-0.00096761
-0.00036511
0.00040513
-0.00015757
0.00080556
0.0014375
-0.00021846
-7.6269e-05
-0.00018235
-2.4286e-05
5.656e-05
0.00047773
0.001012
-0.00012711
-0.00015111
-0.00019358
-2.9924e-05
0.00023298
0.00049387
0.00012573
2.9778e-05
2.181e-05
-0.00016714
-6.3309e-05
-0.00011692
0.00024925
0.00030038
-4.3391e-05
5.7606e-05
-0.00014394
-0.00010227
-0.00013101
-0.00032886
-0.00040592
-0.00010849
-9.7915e-06
-0.00017543
9.6699e-05
8.6457e-05
1.2624e-05
-0.00042363
-0.00024559
-0.00014176
-0.00013989
5.4002e-05
0.00035603
9.9675e-05
-0.0004203
-0.00035567
-0.00034591
-1.4397e-05
3.0865e-05
0.00048762
0.00013595
-0.00045941
-0.00029161
-0.00063936
-0.00020955
0.00037587
0.00031331
0.00039949
-0.0015864
-0.00022785
-0.00035847
0.00060358
0.0015171
5.3592e-05
0.00046941
0.00022049
3.1899e-05
-0.00016904
-0.00022201
-0.0001486
0.00011854
0.00022845
0.00023056
2.6268e-05
0.00019904
-3.1096e-05
-0.0002053
-0.00017966
0.00026897
0.00012302
4.6976e-05
8.7779e-06
0.00024106
-6.321e-05
-7.9577e-05
-5.7921e-05
0.00052049
0.00012284
-0.0003185
-7.0299e-07
0.00034229
-6.6967e-06
4.5731e-05
3.8859e-05
7.9957e-05
-5.7761e-05
-3.4486e-05
-9.4533e-05
0.00013208
1.2168e-05
5.1558e-05
-4.193e-05
-0.00020674
-5.6623e-05
-8.6996e-05
8.4418e-05
0.00043829
0.00014375
-0.00041392
-0.00039612
-0.00037079
-4.1523e-05
-0.00025211
4.2472e-05
0.002292
-0.00044087
-0.00049226
-0.00033623
-0.0011195
0.00038188
0.00025316
0.00071227
0.0002693
-0.00013024
-0.00012264
-0.00016579
-9.4621e-05
2.5289e-05
0.00049155
0.00057139
4.6582e-05
0.00021859
-0.00021697
-0.0001655
-9.8045e-05
-0.0002072
-0.00010703
7.8364e-05
4.857e-05
-8.0236e-05
-5.9482e-05
-2.2671e-05
-9.8599e-05
-0.00021799
-9.7489e-05
5.6027e-05
-0.00056629
-0.00051068
-0.00057831
-3.767e-05
-0.00021013
-0.00063758
-2.3283e-05
-0.00013363
0.0001331
-6.559e-05
-3.4313e-05
-0.00010439
-0.00056305
-0.00050651
2.9188e-05
0.00027982
0.00012293
1.7697e-06
6.2317e-05
-0.00077351
-0.00024514
-0.00063363
5.9042e-05
1.5356e-05
0.00015931
0.00072669
1.0587e-05
-0.00038639
-8.1153e-05
-0.002104
0.00038003
0.0013275
0.0022087
0.0022343
-0.00049717
-0.00018908
8.0381e-05
-0.00037871
0.00020869
0.00057537
0.0010383
0.00017669
-0.00021669
-4.6003e-05
0.00015085
0.00020249
0.00015845
0.00012644
-5.1128e-05
-0.00013248
-0.0001532
-0.00014081
-8.7598e-06
0.00012447
0.00010211
-7.8793e-06
-9.7693e-05
-0.00012403
-6.4695e-05
-0.00042431
-0.0015985
-0.00054254
-2.663e-05
-4.4805e-05
0.0005465
7.3659e-05
-4.7883e-05
-5.3537e-06
-0.0006388
-0.00017758
-3.3864e-05
0.00025427
0.00022264
0.00018084
-2.2163e-05
-0.00043976
-0.00075396
-0.00029218
0.00022887
5.601e-05
5.5918e-05
0.00038389
-0.0010274
-0.00046651
-0.00053816
-7.082e-05
0.00086828
-0.00013461
0.00037358
-0.00033183
-0.00098941
0.00013178
-0.00045736
0.0026578
0.0003583
0.00028113
0.00031465
-0.0002059
-0.0001942
-0.0001834
-0.00050682
0.00047789
0.00044413
0.0001622
7.4973e-05
-0.00011999
-0.00018444
-0.00019489
-0.00012734
0.00022348
6.5036e-05
-4.7776e-06
-2.0789e-05
-1.819e-05
-0.00012899
-7.855e-05
1.0427e-06
0.0002994
0.00015859
-0.00043958
-0.00027843
0.00037285
2.971e-05
4.6499e-05
8.3252e-05
-0.00041862
-1.4433e-05
-0.00016979
7.7306e-06
7.6257e-05
6.6681e-05
-8.5112e-05
-1.6848e-05
9.3705e-05
-0.00031119
-6.9721e-05
0.00027973
0.00030625
0.00012503
7.705e-05
-6.5414e-05
-0.00024895
-0.00030012
-0.00011002
9.5185e-06
0.0011207
0.00013211
-0.00018266
-0.00016514
-0.001392
-0.00014595
-7.8304e-05
0.00052616
0.00046862
0.00010433
0.00018311
-0.00036473
-0.00057209
2.654e-05
0.00016005
0.00045312
9.417e-05
9.5458e-05
-7.6292e-05
-0.00017799
-7.524e-05
0.00032176
7.5931e-05
0.00012503
-5.6898e-05
7.151e-05
-0.00019298
-1.8114e-05
4.0161e-05
0.00035363
-4.4426e-05
5.2618e-05
-0.00067509
-0.00022734
-2.8575e-05
2.4719e-05
4.4131e-05
-5.3125e-05
1.5882e-05
0.00045934
6.4837e-06
4.7873e-05
1.1042e-05
7.3481e-05
0.00016481
-8.1043e-05
5.2923e-05
0.00011405
6.817e-05
-4.6497e-05
-6.3711e-05
0.00019213
-0.00066566
0.00019339
7.5551e-05
5.4061e-05
-0.00064339
0.00017303
0.00015675
-9.2131e-05
2.9913e-05
0.00029658
-0.00020745
-0.00033221
-0.00029509
0.00042887
0.00014243
-0.00061954
-0.0001485
0.00017854
-8.7414e-05
-0.00049108
0.00019645
0.00027327
0.00029281
-0.0001327
-0.00027164
1.1555e-05
5.878e-05
2.1926e-05
2.7571e-05
0.00019647
7.765e-05
-0.00021095
-0.00010154
0.00011068
-4.4975e-05
0.0002399
-5.5094e-05
-2.2333e-05
8.7649e-05
-4.6352e-05
-0.00041254
0.00018673
0.00020878
5.3569e-05
0.00015171
-0.00010889
8.6934e-05
-8.8921e-06
6.9615e-05
2.6147e-05
0.00021665
4.2153e-05
-0.00020454
-0.00017845
8.0365e-05
-6.2245e-05
-0.00012217
1.986e-05
0.00059633
-0.00020763
-0.0011455
-0.00054468
0.00011736
-0.00033062
7.8315e-05
-4.0396e-05
0.0004712
-0.0012504
-0.00092991
-9.0915e-05
-0.00041511
-0.00016097
0.00019689
0.00020087
0.00031065
-0.00014578
0.00035471
-0.00016704
-0.00025198
-4.5427e-05
0.00057848
0.00017351
-0.00025288
7.4291e-05
-1.4685e-06
7.4155e-05
-7.7002e-05
0.0001492
0.00031169
5.6265e-05
-0.00010142
0.00019902
0.00020138
-7.0035e-05
-1.7862e-05
4.2328e-05
0.0001078
-0.00017372
-9.7594e-05
0.0012119
-0.00022227
0.00010719
-0.00010036
2.4755e-05
3.096e-05
6.7609e-05
-0.0002258
0.00012247
-4.3896e-05
-8.2853e-05
-0.000173
-8.9848e-05
0.0001326
0.00012388
-0.00020113
5.6515e-05
-1.1727e-05
5.6883e-05
-0.00022782
-0.00050906
8.8944e-05
0.00082477
0.00026616
-0.00035309
-0.00014763
1.6734e-05
-0.0002448
-0.00076278
0.0005531
0.00085529
0.00065918
-0.00088401
-6.1355e-05
3.9566e-05
-0.00044104
0.00069264
6.8541e-05
0.0010124
-0.00044085
-1.0712e-05
-1.0527e-05
-2.7975e-05
0.00012259
-0.00019555
-0.00012168
8.2689e-05
-5.842e-05
-0.00022679
-0.00024063
0.00016067
0.00012454
-0.00020545
-3.7455e-05
6.3151e-05
-0.00012616
-0.00025752
-0.00017856
2.7938e-05
-1.566e-05
-0.00041154
0.00031407
2.4566e-05
-5.429e-05
-1.7061e-05
-0.00014184
-5.9778e-05
-4.2229e-05
-1.0282e-05
0.00012158
-3.6254e-05
-0.00023945
-0.00018928
-0.00034905
-4.2454e-05
5.3405e-05
0.00014354
0.00035991
2.3851e-05
-0.001339
-0.00033941
-0.00055028
-0.00016825
0.00056559
7.7791e-05
0.0012527
-0.0014123
-0.0013507
-0.00045717
-0.001284
0.0018891
0.0002985
0.00023876
0.00071952
-0.00094342
-0.00010899
-0.0002729
0.00090457
0.00034943
0.00047924
0.00012971
-0.00026109
0.00015348
0.00019718
-6.5941e-05
6.8133e-05
0.00021474
0.00011653
-0.00011928
-4.4174e-05
0.00026688
3.4247e-05
-3.1566e-05
0.0001062
0.00013819
2.8328e-05
-0.00017052
0.00020836
0.00047973
-0.00040168
-1.5368e-05
1.7887e-05
-5.6692e-05
-1.4514e-05
0.00016784
-8.4714e-05
-0.00018952
-6.8123e-05
-6.337e-05
2.7619e-06
0.00015787
0.00013883
-0.00016947
-0.00036474
-0.00017996
-3.9471e-05
-9.2598e-05
0.00036267
0.00096304
0.00015303
-0.00076777
-6.6046e-05
-7.1652e-05
-0.00013048
0.00043461
0.0013878
0.00090408
-0.00087985
-0.00039722
0.00012822
-0.00015301
-0.00086851
0.0014694
0.00025414
0.00024642
-0.0007297
-0.00017556
-0.00012287
-0.00015849
-0.00016953
0.00024813
0.00018227
-4.5541e-05
-0.00027725
-0.00045523
-0.00030735
0.00016253
0.00016393
0.00014216
3.8792e-05
-0.00013819
-0.00026642
-0.00023442
-6.2772e-06
5.1888e-05
0.00012275
-0.00014721
-0.00014685
0.00018352
0.00024976
-8.7044e-05
0.00017488
2.9306e-05
0.00021844
6.667e-06
0.00022815
-1.1445e-05
-3.8855e-05
-1.2934e-05
-2.2368e-05
0.00011938
-0.00016177
-0.00011951
-2.5535e-05
5.4801e-05
4.1697e-05
-6.7835e-05
0.00030578
-0.00037527
-0.00086681
-0.00025798
0.00041354
-0.00014496
-0.00013356
-0.00034518
-0.0018038
-0.00089542
-0.00032955
0.00018469
-0.0002242
9.5227e-05
0.00010068
-7.3434e-05
0.00026241
-9.5411e-05
0.00022694
0.00025471
0.0001959
-8.2234e-05
3.697e-06
0.00014624
5.6808e-05
-3.0654e-06
3.7925e-05
0.0001532
4.2135e-06
-0.00014135
0.00011278
8.6309e-05
-5.7291e-05
-4.3958e-05
0.00011862
4.7075e-05
1.6454e-05
-0.00010282
0.00023438
0.0016048
8.9558e-05
-6.1528e-05
-3.9546e-05
-3.3558e-05
6.6922e-05
-0.00033899
-0.00014541
0.00015866
8.1753e-05
-8.3825e-05
2.9588e-05
8.4015e-05
0.00020108
-0.00024121
-1.3128e-05
0.00016454
0.00020924
0.00012168
-0.00026292
0.00014222
0.00016974
0.00031446
-0.00033131
0.00074054
0.0001408
0.00054395
-0.00083982
-0.00040918
2.1815e-05
-0.00041366
0.0008585
0.00032067
0.00020309
-0.00017504
-0.00019173
-8.8356e-05
-2.6319e-05
-0.00081485
0.00028498
-9.4625e-05
3.3647e-05
4.9302e-05
-3.0888e-05
-0.00028655
-1.6526e-05
0.0002114
-4.7152e-05
4.2409e-05
-4.6332e-05
0.00013595
-0.00010681
-0.00022763
1.1975e-05
9.4144e-05
0.00010369
-0.00013405
5.5011e-05
-0.00053061
-0.00020845
0.00012104
7.8718e-05
-1.6655e-07
0.000147
0.00010094
0.00039982
2.1199e-05
1.561e-05
-1.2659e-06
9.4e-06
-0.00014047
0.00013442
4.9595e-05
0.00011353
1.1822e-05
-2.717e-05
2.3182e-05
0.00012323
-0.00021324
0.00022671
-5.2603e-05
0.00013311
-0.00023648
-0.00010374
5.2754e-05
-1.162e-05
-0.00037619
-1.597e-05
-0.00026986
-0.00015936
-0.00026486
0.00027746
0.00047962
-0.00034008
-7.4667e-06
-0.00018982
-0.00010303
7.6904e-05
-0.00023784
0.00021941
-0.00020668
-4.5342e-05
-4.2816e-05
-0.0001763
-8.2181e-05
-0.00015248
-3.3913e-05
-1.4427e-05
-0.0001302
0.00012314
0.00025485
6.0509e-06
-2.4095e-05
7.7609e-06
-0.00016722
-0.00010063
0.00015488
-0.00042815
0.00043887
-0.00024926
0.00017365
-2.9118e-05
-0.00015258
-2.024e-05
0.00015433
-3.2157e-05
-2.4497e-05
6.0275e-07
-5.8284e-05
-0.00014921
-3.5621e-05
3.9557e-05
-1.1591e-06
6.2426e-06
2.8833e-05
9.394e-05
-0.00024097
-0.00048096
0.00027455
7.9425e-05
3.0517e-05
-7.1486e-05
-0.00035273
-0.00013332
-0.0010472
-0.00059622
0.00029291
-8.0278e-05
-9.2604e-05
-0.0010002
-0.0005287
-0.00054422
0.0010397
5.1758e-05
0.000138
5.4241e-05
-3.4621e-05
-0.00027831
0.00085929
9.5535e-05
0.00012795
0.00012161
0.00011332
4.7825e-05
-3.9506e-05
0.00011749
0.00046941
0.00013366
0.00013356
0.00016228
-3.1774e-05
-2.551e-05
6.9906e-05
0.00035586
2.8943e-05
-7.5144e-05
8.0042e-05
0.00047625
-0.00016537
0.00019733
-9.0406e-05
-5.1708e-05
-2.0044e-05
0.0001263
-5.5376e-05
-9.5352e-05
-0.00010734
2.9632e-05
-0.00042251
-0.00019242
-0.00022578
-9.5121e-05
-0.00023139
-5.2549e-05
0.00013371
0.00029489
-0.00050156
-0.0004493
-0.0003078
0.00014554
0.00025721
0.0011405
-0.00042421
0.0010884
-0.00097688
-0.00011569
-0.00087111
0.000973
0.00061836
0.0010996
-0.00058617
0.00048804
-0.00013423
-0.00018742
-0.00021502
0.00067618
4.5726e-05
0.00014374
0.0001485
-0.00010273
-6.215e-05
-0.00012579
-0.00028848
-0.00026472
0.0001516
0.00022279
-6.2772e-05
-4.3727e-05
-6.5274e-05
-4.3698e-05
-0.00033946
-0.00011269
-1.8242e-05
6.0911e-05
-0.00012538
-0.00042036
5.3578e-05
-0.00036616
8.0518e-05
-5.0843e-05
-0.000355
3.4215e-05
0.00027416
-6.8552e-05
-0.00035321
5.3957e-06
-9.0703e-05
-0.00010867
-6.0542e-05
0.00017616
0.00011856
-0.00012694
-7.0733e-05
-0.00018757
0.00030255
0.00047467
0.00032987
-0.00016249
0.00051506
0.00016636
-0.00034752
-0.00045816
0.00056129
0.00092121
-0.00022765
9.9035e-05
0.0011245
0.0001088
-0.0019296
-0.0022732
0.00054316
7.861e-05
3.8528e-05
0.0005402
0.00042539
0.00011923
-0.00051121
-0.00016059
4.1216e-05
0.00020887
0.00026115
0.00013779
0.00017887
-4.6496e-05
4.7772e-06
4.7743e-05
-5.937e-05
0.00012114
6.3236e-05
-0.0001666
2.5157e-05
-4.871e-07
-3.2714e-06
-0.00016715
0.00020479
-0.00053417
5.7422e-05
-4.1968e-07
-2.6505e-05
-0.00011308
-2.5382e-05
0.00013114
1.4136e-05
-0.00019631
-6.928e-05
0.00020993
-9.8488e-05
-0.00025751
1.1064e-05
-4.5465e-06
-9.3281e-05
-0.00032533
-0.00020909
0.001621
0.00017949
0.00018513
-0.00026517
-0.00054339
-0.00041753
-0.00036528
-0.0004338
0.0014229
0.00076925
-0.00077483
-0.00062491
-0.00057048
5.4454e-05
-0.0010922
-9.6476e-05
0.00072509
-3.5193e-05
4.3527e-05
-0.00018574
0.00012079
-4.4455e-05
2.1237e-06
0.00046731
9.8781e-05
8.7908e-05
5.6245e-05
-3.6736e-05
0.00015338
0.00015243
4.867e-05
6.9156e-05
-2.3397e-05
-0.00016602
-4.8072e-05
-0.00011529
0.00022839
9.9069e-05
-5.2175e-05
-0.00018222
-0.00036264
0.0002918
8.7175e-05
3.1468e-05
7.8687e-06
-0.00013407
-1.2569e-05
2.5512e-05
2.3783e-05
-8.1746e-05
-0.00012168
-0.00014193
-0.00016118
-6.0711e-05
-2.2387e-05
0.00014522
-5.1284e-05
-6.3693e-05
-0.00013529
-0.0010454
-0.00030202
3.2748e-06
8.3179e-05
0.00025887
-8.335e-05
5.7421e-05
-9.5904e-05
-0.0018817
-0.00030602
-5.3158e-05
7.7731e-05
-5.7048e-05
0.00042046
0.00046955
0.00051687
-0.00033115
-4.9462e-05
0.00017496
7.4651e-05
0.00088588
4.5728e-05
0.0010874
-0.00067568
-3.1578e-05
7.8645e-06
0.00010139
0.00012493
0.00031324
0.00012596
6.0946e-05
-8.7415e-05
-8.0018e-05
-0.0001829
7.3354e-05
5.5239e-05
1.8984e-05
-3.5833e-06
0.00012546
-7.9966e-05
0.0002692
2.4641e-05
-5.6013e-05
7.4254e-05
5.9108e-05
-0.0001509
2.5103e-05
0.00045458
6.1759e-05
-8.8001e-05
-1.5178e-05
-7.7374e-07
-7.0856e-05
-6.6564e-06
6.4845e-05
0.00022118
0.00012661
-0.000159
8.8715e-05
-6.0318e-05
-0.0001089
2.3512e-05
-1.0649e-05
7.5809e-05
-0.00040808
-0.00010261
3.1309e-05
-0.00042911
0.00027135
-5.4725e-05
-4.7994e-05
-0.00038972
-0.00040857
-0.00036442
-0.00015352
0.00032664
0.00010049
0.00016705
-1.6981e-05
7.0253e-05
-0.00023869
-9.3478e-05
-9.1039e-06
-5.7322e-05
2.7347e-05
3.969e-05
4.4599e-05
5.2648e-05
5.2645e-05
0.00031041
-6.0849e-08
-1.6979e-05
0.00012489
8.9802e-05
-9.0911e-05
-3.5864e-05
4.1062e-05
-6.1954e-05
-0.00010313
7.2322e-06
0.00022289
0.00036581
0.00016062
-4.347e-05
-0.00013904
7.8532e-05
0.00036883
1.0421e-05
-0.00015763
5.6973e-05
8.5592e-05
-8.6514e-05
-4.3178e-05
5.7186e-05
7.9167e-05
-0.00012281
-9.2735e-05
0.00022935
9.7234e-05
0.00024806
-0.00040833
0.00016672
-0.00013902
-0.00020222
5.036e-06
2.3187e-05
-0.00018647
-1.2402e-05
-0.00046079
-0.00032115
-0.00041007
0.0003618
-0.00022401
0.00047132
3.4547e-05
1.9509e-05
-0.00043613
-6.9535e-05
-0.00013091
1.7693e-06
-8.4864e-06
0.00030422
-1.8717e-05
-5.2687e-05
-5.3581e-05
-0.00016411
-4.0666e-05
8.7078e-05
8.4307e-05
-4.7981e-06
-6.4441e-05
0.0002176
-2.933e-05
-3.2436e-05
-8.3152e-05
0.00026742
-0.00016946
0.00010625
-0.00012837
-6.5361e-06
-7.5239e-05
-0.00026792
-5.2373e-06
1.4078e-05
6.313e-05
0.00010729
9.4786e-06
-3.5685e-05
-8.7421e-05
-8.4134e-05
-1.2482e-05
0.00017541
0.00021891
9.9813e-06
-9.4352e-05
-5.2145e-05
-0.0001291
-0.00030196
0.00040524
0.00035681
0.00011392
-3.7656e-05
-0.00024481
-0.0001403
-6.5314e-05
-0.00058436
6.1631e-05
0.00018742
0.00037679
-0.00044614
-0.00046834
-0.00014001
-0.0001133
0.00015721
0.00014332
0.00017658
0.00015272
-0.0007223
0.00014354
0.00016646
-0.00032868
6.9114e-05
-9.8455e-07
7.045e-05
-7.6415e-05
-5.5063e-05
-0.00013745
0.00025879
0.00010734
3.1726e-05
0.00021109
0.00015176
-2.4203e-05
-0.00013365
0.00016669
9.4527e-05
-3.9315e-05
0.00013446
1.3433e-05
0.00050806
2.8035e-05
-8.2996e-05
7.0306e-05
-1.016e-05
0.00018497
0.00010127
0.00030571
1.0737e-05
-0.00034672
-0.00012749
-2.0837e-05
-7.9702e-05
9.7139e-05
0.00018563
0.00021843
1.2438e-05
-0.00066734
-0.00015182
-0.00014091
-0.00021834
0.00045637
7.1413e-05
0.00026604
-0.00082805
0.00049324
1.7738e-05
-0.00016334
0.00096732
-0.00019869
-0.00040592
-0.0011823
-0.00023608
6.1163e-05
-0.00012228
0.00020986
0.00024293
0.00016088
-0.00030734
-0.0002711
-0.00036238
-6.1244e-05
-0.00015483
-0.00021995
0.00020548
0.00038117
-3.369e-05
-0.00023452
-0.0001446
-8.4017e-05
-0.00013237
-1.0705e-05
0.00032633
6.4188e-05
-0.00012213
4.839e-05
7.6093e-05
-6.7838e-05
0.00086366
-0.00019701
-1.7454e-05
-7.1213e-05
-0.00010904
2.1678e-05
4.4328e-05
-3.5375e-05
-0.00035925
-6.2058e-05
3.7878e-05
-0.00014609
-4.9065e-05
0.00012028
1.1433e-05
-8.9119e-05
-5.59e-05
8.4769e-05
0.00028015
2.8879e-05
0.00021794
-0.00081832
0.00045347
0.00019837
9.9945e-05
-0.00044658
0.00039727
0.0001951
1.625e-05
0.00045343
0.00047247
9.5014e-05
-0.00081289
-0.00043467
0.00018414
0.00025818
0.00071523
0.00031178
5.7402e-05
-2.1165e-05
8.0102e-05
0.00011136
0.00014883
-2.9703e-06
3.0623e-05
3.5906e-05
-4.7596e-05
9.7101e-06
-8.0483e-06
4.9952e-05
9.4325e-05
-3.534e-05
3.4017e-06
7.5803e-05
-5.6204e-05
-4.2973e-05
-7.927e-05
-0.00010348
-0.00077542
-0.0010736
0.00057294
0.00010998
5.178e-05
0.00025418
3.6582e-05
9.8952e-06
-8.1496e-05
-1.6029e-05
-0.00010131
7.2656e-05
0.00014932
0.00024649
-2.3664e-05
-0.00028672
-0.00017492
-0.00010333
-0.00028297
3.9322e-05
0.00019516
0.000383
-0.00052788
-0.00038133
-0.00012659
2.3846e-06
-0.00035118
-0.00037973
0.0004838
0.0012032
-0.00068334
0.00019089
3.5881e-05
0.00026415
-0.0014114
0.00012372
0.0002399
-0.00042203
-5.61e-05
0.0001235
-0.00016189
-4.5913e-05
-0.00058039
5.6142e-05
-2.049e-05
-0.00012342
-6.3071e-05
1.1462e-05
-0.00023124
-2.6455e-05
0.00023798
3.5985e-05
-9.8474e-05
3.617e-06
5.2436e-06
-0.0001745
-0.00011401
0.00012769
0.00014896
2.499e-05
0.0010544
7.205e-05
-0.00031837
-6.7268e-05
4.9793e-05
4.5567e-05
8.3062e-05
6.2564e-05
6.5272e-05
1.7623e-05
-0.00015143
-6.7156e-05
0.00013876
6.7204e-05
0.00024324
0.00023335
-0.00013386
-0.00033185
-7.6247e-06
-0.00012939
0.0007612
0.00028584
0.00084937
0.00010657
-0.0013141
-0.00057611
-0.00033451
-0.00065835
0.00066205
0.00019995
0.00076401
-0.00012935
-0.00075737
-0.00050198
-0.0002548
0.00055501
0.00026099
1.1854e-05
0.00042603
-0.00053199
-0.00062422
0.00011928
0.00015281
-3.6174e-05
0.00011728
1.8291e-05
-0.00011916
-0.00024306
-0.00014809
0.00027785
-2.5688e-06
-7.4724e-06
-6.0831e-05
4.5412e-05
-4.3655e-05
7.9605e-05
1.812e-05
0.00018926
-0.00010065
0.00011747
0.00024802
0.00020102
8.2547e-06
3.1149e-05
5.1199e-06
0.00023782
5.9652e-05
0.00017069
7.8133e-05
-8.2361e-05
-4.848e-05
-2.8154e-05
6.7757e-05
6.4546e-05
4.4451e-05
-0.00010377
-4.8251e-05
-0.00029473
-3.8944e-05
1.2169e-05
-0.00010668
-7.4869e-05
1.771e-05
0.00019517
-7.9007e-05
-0.00053169
-0.00014172
0.000123
-0.0008194
0.00021319
-8.0246e-05
1.4883e-05
-0.001052
-0.0004431
-3.0567e-05
-0.0003877
-0.00011499
0.00038728
0.00010425
-0.00067844
-0.00020817
-2.1695e-05
0.00012274
0.00018457
0.00014584
0.00011326
0.00023104
0.00016729
-0.00015359
4.0858e-05
0.00031422
9.7607e-05
-5.6477e-05
7.7246e-05
0.00025925
-2.4829e-06
-1.1663e-05
0.00015046
0.00089591
0.00030433
7.6919e-05
7.6317e-05
-0.00011951
0.00012241
0.00063595
2.8894e-05
-0.00022942
6.893e-05
-7.5577e-05
-5.6347e-05
9.017e-05
0.00021347
0.00014743
-3.7502e-05
4.4972e-05
-0.00012142
0.00013327
0.00025638
-0.00051914
-9.7456e-05
-7.4752e-05
0.00019983
-9.7223e-05
-8.6353e-06
7.9159e-05
0.00065622
-0.00059241
-0.0004186
0.0006362
0.00034624
-0.00040576
-0.00050109
-0.00021489
-0.00023562
-0.00046444
0.00014113
-0.00034403
-0.00020251
-0.00059102
7.8013e-05
-0.00010265
0.00011915
-7.2565e-05
-0.00015419
-9.0705e-05
-0.00034206
-0.00019185
-0.00028443
4.2399e-05
0.00048686
-7.0198e-05
0.00013716
-4.8826e-05
5.2274e-05
-0.00011525
5.1098e-05
0.00092271
0.00017754
-4.9707e-05
-0.00012235
-1.2766e-05
-0.00015958
1.2215e-05
0.00029711
4.1776e-05
-8.5816e-06
-1.6335e-05
1.9201e-06
-5.6979e-05
-3.9425e-05
0.00016707
-1.8565e-05
-1.2223e-05
-3.3243e-05
-0.00023788
-0.00064162
0.0002065
3.6006e-06
-0.00012217
-0.00012703
-0.0001534
-0.00027351
8.7434e-05
0.00093503
0.00013748
0.00020706
2.029e-06
0.00055837
-0.00013581
0.00010466
-7.4047e-05
-5.743e-06
-0.00014232
-8.2413e-05
-5.0534e-05
-0.0003478
1.4877e-06
-9.7782e-06
-0.00042466
-2.919e-05
4.2892e-05
-0.00015486
-8.3593e-05
-5.2535e-05
7.8441e-05
0.00012047
1.5703e-05
2.46e-05
3.5396e-05
-1.9414e-05
1.5082e-05
-0.00011685
6.7264e-05
2.3429e-06
-2.6864e-05
0.00012645
-5.2826e-06
-0.00021557
-4.2752e-05
-2.3877e-05
-0.00014938
-0.00016227
-0.00017319
-2.3566e-05
0.00017206
3.7465e-05
8.6817e-05
-8.5267e-05
-0.00038293
-7.5634e-05
-0.00017449
5.0851e-05
0.00029439
8.5097e-05
-0.00015498
-0.00021032
4.4717e-07
-0.00028441
-0.00021397
0.00015494
0.00055192
8.928e-05
0.00046477
0.00025238
-0.00012177
-0.00043353
-0.00036053
0.00028134
0.00032754
0.00024583
-1.1342e-05
-0.00029615
-0.00017966
-7.322e-05
0.00060851
0.00022923
0.00035346
-4.6696e-06
-0.00011633
-0.00052172
-0.00031015
0.00013647
0.00021941
6.1074e-05
0.00013846
2.4625e-05
-0.00011831
3.0512e-06
6.8984e-05
-7.0378e-05
-4.3497e-05
-1.4345e-05
9.7138e-05
-8.4737e-05
-0.00019915
-0.00025813
0.0002341
2.073e-05
5.4949e-05
0.00046547
-5.2909e-05
9.8766e-05
-6.3258e-05
0.00019147
-4.9371e-05
1.4091e-06
1.6174e-06
-0.00012243
0.00010229
4.1602e-05
-0.0001494
-0.00010384
-2.7358e-05
-0.00042666
-0.0001001
0.00086396
0.00033323
-0.00050231
-4.7095e-05
-7.2789e-05
-0.0012361
-0.00021106
5.8403e-05
0.00085303
0.00095371
-0.0001738
0.00029165
-0.0015542
-0.0018053
0.00016248
0.00025147
0.0010024
-0.00016329
0.00032089
0.00018163
-0.00070562
-2.6342e-05
0.00014576
8.6175e-05
2.3411e-05
-1.9452e-05
5.8989e-05
6.7752e-05
2.4562e-06
-0.00015855
6.682e-06
7.0829e-05
0.00013935
-0.00032794
-2.154e-05
-4.8166e-05
2.7633e-05
-0.00014806
-2.7236e-06
0.0006507
-0.0001707
5.4802e-05
-5.1425e-05
0.00017634
-3.4124e-05
-0.00013908
-0.00012684
0.00034695
3.0701e-05
5.5738e-05
-1.7938e-05
0.00011235
5.1426e-06
-0.0002792
-0.00025462
2.8072e-05
-0.00011521
0.00029725
3.0317e-05
-0.00036617
-0.00020653
-0.00012996
-0.00029443
-0.00020153
-2.2256e-05
0.00028975
-0.00040985
0.00090686
0.00058662
-0.00051489
-0.00027032
-0.00052497
9.3334e-05
-4.1729e-05
-0.00028618
0.00046453
-7.4951e-05
2.7674e-05
6.9411e-05
0.00015658
-6.707e-05
5.8264e-05
4.1097e-05
-0.00022537
6.0125e-05
0.00030784
6.7571e-06
-2.7706e-05
-9.888e-05
9.9786e-05
-0.00014288
-5.3089e-05
8.063e-05
0.00010384
-5.0976e-05
6.1597e-06
-0.00013838
4.4587e-05
0.00024109
0.00011639
-0.00026957
-7.4873e-06
6.6849e-05
5.3924e-05
0.00014124
-3.0634e-06
-3.6221e-05
-4.1575e-05
-0.00020557
0.00013217
4.5615e-05
9.825e-05
-4.8745e-05
-6.5597e-05
-0.00010446
3.6598e-05
0.00019417
-4.0379e-06
7.7794e-05
8.4527e-06
0.00016272
-0.00016748
0.00082835
0.00018749
0.00021514
-0.0003039
-0.00011159
-5.1844e-06
-0.00064829
0.00049236
0.00045144
0.00015756
-0.00035294
-2.2387e-05
-0.00024508
9.1616e-05
-0.00033695
-6.0156e-05
0.00032003
9.0083e-05
2.834e-05
1.7997e-05
-3.5008e-05
-0.00013251
-3.4864e-06
-0.00011127
-0.00011804
-2.6445e-05
-1.313e-05
-4.6718e-05
3.8043e-05
1.2563e-06
0.00010446
1.0761e-05
2.8136e-05
1.395e-05
-0.0008829
-0.00035606
0.00022494
0.00056903
1.2616e-05
-0.00018536
-2.0255e-05
0.00060037
3.2675e-05
-1.061e-05
-2.2147e-06
5.4153e-05
8.6808e-06
-1.8928e-05
-4.3575e-05
-8.4976e-05
8.4815e-05
-5.3549e-05
0.00013762
-4.5991e-05
6.2105e-05
-0.00041764
-0.00011815
-0.00038941
-1.4835e-05
0.00025234
-0.00015731
5.367e-05
0.00012563
-0.00053751
-0.00074915
-0.00040236
0.00072189
-0.0010365
6.2959e-05
-0.00044067
-0.00025768
-0.00041627
2.8656e-05
-0.00031565
-3.732e-06
0.00020574
0.00010454
2.1913e-06
5.9308e-05
0.00011237
6.5405e-05
-1.076e-05
3.8391e-05
-1.6722e-05
-5.1814e-05
-0.00011205
0.00028432
0.00020412
-5.5584e-05
1.9645e-05
0.00034747
-0.00018298
-0.00013684
0.00027426
0.00098453
0.00043842
0.00026536
-2.745e-05
-7.2994e-05
9.8488e-05
9.5139e-05
-5.2535e-05
1.4581e-05
0.000237
8.5528e-05
-5.6006e-05
-2.8755e-05
-4.077e-05
-0.00013388
4.4263e-05
0.00011601
9.1733e-06
0.00018099
7.3281e-05
-0.00020755
-0.00010346
-0.00037623
-5.5063e-05
-7.8893e-05
7.782e-05
-0.000312
0.00018044
-5.8118e-05
-0.00027742
0.00093972
-0.00064052
0.00015271
0.00035837
0.00017395
-4.3485e-05
-0.00024811
-7.7727e-05
-0.00076891
-0.00022562
-0.00032427
0.00020211
-6.0341e-06
-1.1196e-05
-8.4852e-05
-0.00016748
-0.00011452
-0.00010368
7.9468e-06
6.5278e-06
1.1382e-05
0.00013825
-0.00020036
1.3539e-05
6.1997e-05
9.9345e-06
4.6864e-06
5.0499e-05
-0.00010871
0.00040384
-0.00030831
9.4121e-07
-5.9553e-05
-4.8574e-05
-1.7165e-05
8.8998e-06
5.8051e-06
0.00021686
0.00013973
-3.2051e-05
-0.00023728
-0.00013789
1.7737e-05
-8.499e-05
9.1424e-05
0.0003152
0.00022453
-0.00016016
-4.4133e-05
0.00017084
-2.1807e-05
0.00046248
-7.3558e-05
0.00022551
0.00010391
-0.0002023
-0.0001261
-4.5156e-05
-5.7665e-05
-0.00036251
0.0006102
0.00056453
0.00022747
-0.0008413
-6.1181e-05
-9.4489e-05
0.00026451
-0.00017028
0.00016565
7.9407e-05
-0.00048472
-0.00014383
-3e-05
-4.1603e-05
6.56e-06
0.00013294
0.00017863
-0.00010872
-0.00012465
-0.00011571
5.464e-05
-7.0641e-05
5.4051e-05
9.4561e-05
9.8607e-05
-0.00020624
-5.4118e-05
8.7112e-05
-0.00059072
-0.00056637
6.3509e-05
-6.9918e-05
-0.00016112
-0.00016698
1.8308e-05
4.6373e-06
-0.00012732
0.00011509
0.00012027
0.00012591
-7.5603e-05
3.0708e-06
-9.1824e-06
-4.0989e-05
-2.7933e-05
-6.8116e-05
0.00069015
-2.0927e-05
2.3017e-05
-9.6375e-05
0.00017347
6.359e-06
-0.00031979
-0.00037188
0.00072132
0.00032033
1.1187e-05
-0.00043492
-7.5456e-05
-0.00023733
0.00027979
0.00065676
-6.7661e-05
0.00011489
-9.8691e-05
-2.9142e-05
-0.00043706
-2.6968e-05
-0.00014799
0.00073657
4.8344e-05
0.00010094
-4.5365e-05
-0.00011864
-8.5131e-05
-0.00012093
0.00011552
0.00014587
2.1935e-06
9.3545e-06
-8.6606e-05
-2.5598e-05
-0.00010153
-3.3956e-06
1.095e-05
-3.7023e-06
-0.00025949
-0.00064435
-5.7164e-05
0.00020302
-2.9153e-05
-0.00017918
5.6344e-06
-8.9406e-05
2.9515e-05
-4.1434e-05
-5.2559e-05
9.6435e-05
-6.218e-05
-9.874e-05
-4.8636e-05
-0.0001071
-9.4716e-05
-0.00012445
7.9629e-05
0.00048126
-6.3737e-06
-0.00012529
3.2162e-05
-0.00061871
-0.00014208
-0.00032463
3.6555e-06
0.00036767
-0.00010091
-0.00031587
-0.00058288
-0.00048298
-0.00023497
0.00040066
0.00039085
0.00033451
1.6948e-05
1.5513e-05
-0.00027994
2.3698e-05
-0.00022497
0.0010234
6.767e-05
-1.0506e-05
5.2523e-05
-0.00014243
-6.7238e-06
0.00010488
-5.3915e-05
8.2066e-05
6.3504e-05
-7.0382e-06
-6.7641e-05
-8.6978e-05
5.4164e-05
1.492e-05
-3.891e-05
0.00020857
-6.0515e-05
6.7929e-05
0.00012357
-5.5014e-05
0.00021474
-2.1796e-05
-0.0003122
3.1141e-05
0.00010018
-1.8962e-05
-0.00035158
-4.4306e-05
0.00010051
-0.0002625
3.312e-05
0.00014124
4.3199e-05
1.7293e-05
0.00014339
4.4247e-05
0.00015978
-7.4849e-05
0.00018138
5.2332e-05
0.00019588
-0.0002398
9.7352e-05
-0.00011817
-0.00016903
-2.0095e-05
7.2943e-05
0.00021848
-0.00026539
0.00068571
-0.0011417
0.00024213
-0.00016497
-9.5153e-05
0.00020227
1.8179e-05
-0.0002965
1.5951e-05
0.00055447
5.3975e-05
-2.406e-05
7.0675e-05
4.7989e-05
-2.3158e-05
0.00015918
0.00010165
-6.7564e-06
-0.00018455
9.5387e-05
-5.0851e-05
-2.3387e-05
-2.6352e-05
8.1413e-05
0.00012881
-0.00011908
-7.5558e-05
-0.00033373
-0.00034016
-0.00014821
-4.9134e-05
8.1701e-05
0.00026259
1.972e-05
5.9797e-06
-5.6935e-05
0.00010743
-1.7161e-05
0.00030282
0.00015927
1.3882e-05
6.8604e-05
-4.3179e-05
-6.6682e-07
3.1748e-05
0.00019714
-0.00021299
-0.00026872
-0.00028073
4.2786e-05
-0.00018955
-3.6181e-05
0.00031479
0.00011388
-0.00078153
-0.00015344
-5.8194e-06
0.0001916
-0.00020098
-0.00010397
0.00040894
-0.00026776
-0.000178
-0.00012395
4.6382e-05
7.7102e-05
-0.00042391
0.00046206
-1.6722e-05
-3.7474e-05
2.7793e-05
-2.3089e-05
2.2091e-05
-9.9844e-05
6.5397e-05
0.00020401
-1.9958e-05
2.1989e-05
1.281e-05
-8.6844e-05
-0.00018056
-3.0902e-05
5.6042e-05
7.8876e-05
6.2048e-05
8.2012e-05
-0.00044753
0.00038958
0.00049373
0.00022722
8.0852e-05
3.4571e-05
-3.2696e-05
0.00057851
1.0659e-05
-0.00044374
-2.2199e-06
0.00021685
0.00011871
3.134e-07
9.6647e-05
0.00015645
-4.1789e-05
-0.0001595
0.00012382
-0.00064564
-0.00018885
0.00011573
1.2982e-05
-0.0001397
-6.5469e-05
-1.0208e-05
0.00015074
-0.00062941
0.0008647
0.00027695
-0.00047107
-0.00030064
-8.2595e-06
-0.00076168
-0.0004195
-0.00032683
0.00041431
-0.00023825
-7.2872e-05
-0.00073029
0.00021755
-9.6037e-05
-0.00041289
-4.1573e-05
0.00010514
8.4534e-05
-2.7272e-05
5.3686e-05
8.3321e-05
7.0137e-05
-0.00015124
3.4143e-05
0.0002465
0.00018657
5.3136e-05
-0.00010624
0.00015964
-0.00026392
-1.4188e-05
0.00087141
0.0001078
