-7.6695e-05
-0.00037459
-0.00011753
0.0001277
3.0478e-06
-0.00021688
-2.6835e-05
0.00014223
-3.6552e-05
-9.3811e-05
-0.00014885
6.5501e-05
9.0687e-05
9.0415e-05
2.2072e-05
-3.0848e-05
-2.8012e-05
-0.00019336
-8.2377e-05
0.00027446
0.00018188
0.00019262
6.4433e-05
-6.4657e-05
-1.2833e-05
-0.00037312
-0.00017464
9.4122e-05
0.0004921
0.00056104
-0.00035616
0.00013534
7.7127e-05
0.00030119
7.6724e-05
0.00062706
0.00010924
0.00025317
-0.00015622
0.00014786
-0.00025178
-5.4259e-05
0.00018665
0.0001024
0.00015519
2.8306e-05
-0.00024542
-9.0094e-05
-0.00010033
4.5512e-06
0.00017815
9.1206e-05
5.4876e-05
-1.0201e-05
-0.00030368
-0.00010914
3.8494e-05
-0.00041964
-0.00035062
-0.00022746
-5.642e-05
-3.0699e-05
0.00019559
1.1878e-05
-0.00027176
-6.6239e-05
0.00021392
-4.2437e-06
5.3253e-05
0.00018505
8.098e-05
-6.8564e-05
-4.7086e-05
2.9383e-06
-1.8123e-05
3.1673e-05
0.00038943
0.00025307
-0.00058829
9.9864e-05
-8.0523e-05
-0.00012417
-5.9516e-05
-5.5865e-05
0.00050842
-1.1233e-05
-0.00027485
0.00042456
-0.00031917
-0.00057075
0.00021358
-8.3919e-05
0.00056127
-0.00045628
0.00043485
-3.242e-05
-0.00024362
-4.2582e-05
0.00014898
5.7921e-05
4.0955e-05
-2.8569e-05
4.9005e-05
9.1613e-05
5.5404e-05
-4.9174e-05
-4.8027e-05
7.0107e-05
2.2536e-05
-0.0001068
-2.7772e-05
7.5989e-05
2.0669e-05
-1.0891e-05
-2.5276e-05
0.00013054
0.00023698
-0.00016001
0.00023645
-5.4882e-05
-1.2375e-05
0.00028316
1.7529e-05
-0.00011605
-2.6474e-05
0.00018654
4.504e-05
-2.8588e-05
0.00033492
5.2797e-05
2.919e-05
3.7331e-06
6.1173e-05
0.00010196
4.4986e-06
2.7253e-05
0.000291
-0.00032339
0.00022011
0.00010374
-6.1082e-05
-0.00020747
0.00015861
0.00011156
-0.0004337
0.00064242
0.0007534
-0.00016387
-0.00050799
0.00010561
0.0003279
-0.00056294
-0.00051074
0.00037121
0.00019534
-0.00046345
-6.8014e-05
9.0054e-05
4.26e-05
-8.7719e-05
-6.9554e-05
-7.5329e-05
5.4547e-05
0.00011069
-8.5779e-05
-0.00014513
0.00023866
-8.4404e-05
-0.00011783
-2.5723e-05
0.00013383
-7.7101e-05
-6.6977e-05
-6.7471e-05
0.00021012
-0.00050298
-0.00012791
0.00033619
-7.6331e-05
3.7205e-05
0.00054146
-1.9836e-05
-0.00019149
-2.1595e-05
0.00026843
-2.2685e-06
-2.145e-05
-7.6583e-06
0.0001978
0.0001719
0.00016469
0.00018985
0.00016959
-7.765e-06
-0.00029794
-7.5329e-06
0.00031372
0.00064728
0.00019969
-5.1956e-05
-0.00021636
6.3787e-05
-0.00052974
-0.0001795
0.00088121
0.00070591
-0.0006504
-0.00016699
-0.00042569
-8.2131e-05
-0.00099118
3.8623e-05
0.00090467
0.00015388
-0.00044683
1.1918e-07
-0.00066829
-8.6761e-05
0.00012523
6.1777e-05
8.3562e-06
0.00012005
6.4639e-05
-0.00015753
-0.00014261
5.2169e-05
-0.00011741
-9.7748e-05
-0.00016884
0.00031858
-0.00031098
-8.8375e-05
-0.00016177
0.00026734
-0.00058045
0.00044197
0.00034493
-0.00029074
2.096e-05
0.00043999
-1.2281e-05
-0.00010081
7.2229e-07
0.00072149
-2.7194e-05
-0.00010424
2.8706e-05
-6.8117e-05
4.5304e-06
0.00023737
0.00012655
0.00022757
-6.5085e-05
-0.00055041
-0.0001949
-0.00015851
0.00057483
-4.0519e-05
6.0178e-05
-0.00018422
6.5872e-05
-0.00022965
-0.0005133
0.00075215
0.00020872
-0.00064426
-0.00045312
8.5256e-05
-0.00027241
-0.00073216
-2.869e-05
0.00087967
-2.0732e-05
-0.00016692
-4.7841e-05
-0.00011962
-0.00020885
5.7227e-05
3.8298e-05
4.4629e-05
5.725e-05
0.00021009
-6.4202e-05
-0.00010723
-0.00018128
-4.8757e-05
2.1955e-05
-2.3005e-05
0.00044173
3.982e-05
-6.1789e-05
-0.00011716
0.00030656
-0.00015274
0.00046441
6.0694e-05
-0.00025328
3.8993e-06
0.00019306
-5.9289e-05
-0.00023708
8.8355e-06
0.00051305
5.7523e-07
-1.6995e-05
-3.8149e-06
9.4066e-05
1.9689e-05
6.7137e-05
2.3846e-05
0.0002272
-1.1308e-05
-0.00021606
-0.00014741
6.2371e-05
0.00010695
-0.00067897
0.00062357
0.00042423
2.8841e-06
-0.00046484
-0.00035559
0.00057398
-1.6549e-05
-0.00076835
0.00076636
-0.000392
0.00020817
-0.00011137
0.00014229
0.00044796
-0.000924
0.00094446
0.00010219
9.6385e-05
-3.3876e-05
8.3287e-05
-7.8465e-05
-0.00011697
0.00019748
0.00011631
-9.0894e-05
-0.00010188
7.5704e-05
-6.8687e-05
-0.00024414
-3.5876e-05
0.00013351
-2.9844e-06
-0.00014875
-3.5949e-05
2.8926e-05
-0.00018927
-7.3698e-05
-0.00016363
-0.00023361
5.2435e-06
8.0465e-05
-7.8934e-05
-2.3936e-06
3.4862e-05
1.9573e-05
-0.00013085
-6.842e-05
1.2825e-05
-6.3543e-05
-1.4462e-05
-3.9848e-05
0.00016359
5.0984e-05
-0.00015223
-9.7893e-05
6.5011e-05
6.3076e-05
-2.2999e-06
-0.00052549
0.00050881
0.00032623
-7.6525e-05
-0.00010348
0.00032181
-0.00015671
-0.001185
0.00011421
0.0010619
4.9024e-05
-0.00020572
4.8692e-05
5.8595e-05
0.00011634
-0.00036451
0.001128
-6.9467e-05
0.00011795
-0.0002022
3.4395e-05
5.3684e-05
0.00023521
6.3834e-05
-2.5016e-05
-0.00012773
1.3453e-05
4.0803e-05
-9.8684e-05
-6.978e-05
4.2818e-05
1.2683e-05
-2.7486e-05
-0.00023445
3.4162e-05
-7.8235e-06
0.00022961
-0.00010901
0.00013755
-7.911e-05
-4.8662e-05
-1.2191e-05
-1.6162e-05
6.4065e-05
8.5351e-06
3.0798e-05
-1.1879e-05
4.7368e-05
-8.9944e-05
-7.0977e-05
-5.0401e-05
6.5671e-05
6.2853e-05
-9.7553e-06
-0.00013028
-4.3783e-05
0.00024355
-0.00039572
0.00014613
0.00014266
-1.0729e-05
2.8346e-05
-0.00013384
7.0869e-05
0.00020081
-0.00038512
0.00035138
-0.00044858
4.8131e-06
-0.00042219
-0.00022952
0.00083384
-0.00038485
0.00042607
-5.1342e-05
-6.0243e-05
-5.911e-05
4.2567e-05
-5.3217e-05
6.8854e-05
-6.4503e-05
-4.0661e-05
4.2689e-05
9.7184e-06
-0.00011043
1.285e-05
-1.7304e-07
-3.8114e-05
0.00018108
3.4981e-05
-7.2894e-06
-1.2356e-05
-8.6437e-05
-5.9885e-05
0.0001067
0.00028069
0.00044275
-0.00025359
-6.07e-06
-4.7665e-05
-7.6879e-06
-8.4258e-06
-2.1126e-05
-6.1953e-05
-0.00017788
5.0322e-07
2.6024e-05
0.00010479
-5.9828e-05
-4.834e-05
-2.9553e-06
-0.00010281
-6.3259e-05
-7.0003e-05
0.00078695
4.624e-05
-0.00021505
-0.00030606
-0.00013481
-1.7921e-05
0.00020462
0.00032102
0.00025222
-0.00051862
-0.0012135
-0.001111
-0.00033868
0.00029735
0.00097555
0.0013388
0.00062518
-0.00016001
6.6778e-05
-9.9498e-05
0.00026597
0.00048402
0.0012671
0.00018097
-1.0969e-05
2.8216e-05
3.9142e-05
-0.00014533
-3.9091e-05
0.00022614
0.00022614
0.0001244
-7.567e-05
-7.7309e-05
-0.00016032
-0.00049511
4.3824e-05
-6.5892e-05
4.0271e-05
-0.00012573
-0.0005032
-0.00075605
0.00014557
-0.00012239
3.6712e-05
0.00030165
3.0992e-05
-2.1299e-05
-2.0971e-05
-0.00045423
-5.2408e-05
0.00018661
0.00034058
0.00030486
9.1633e-05
4.1054e-05
-0.00023429
-0.00029367
-5.4443e-05
0.00079849
0.00043614
0.00045328
0.00033106
-0.00028911
-0.00028828
-0.00051119
0.00059052
-3.4648e-05
0.00026678
0.0011192
-0.0016479
-0.00053917
-0.00032605
0.00087674
-0.0002546
0.00039255
0.00029581
0.00030813
-0.00010812
-0.00023907
-0.00013462
0.0003667
0.00039285
0.000181
-0.00013625
3.7674e-05
-0.00013012
-0.00037676
-0.00024377
3.3229e-05
0.00050845
-0.0001175
-3.6653e-05
4.9512e-06
-0.00047736
-0.00028916
-0.00010409
6.2605e-05
0.00012945
-0.00059636
-0.00046007
0.00035564
-0.00019942
-1.1682e-05
0.00022738
5.8893e-05
7.1588e-05
5.4981e-05
0.00030226
-2.5978e-05
-3.144e-05
-7.2894e-07
0.00015755
0.00012254
5.4667e-05
0.00013146
5.0384e-05
-6.0045e-06
-0.0005484
0.00018429
-5.5745e-05
0.0004521
4.0574e-05
2.786e-05
-0.00038142
0.00057284
-0.00037601
-8.9522e-05
0.00077781
0.0012795
-0.00043027
-0.00020234
-1.4697e-05
-0.00024485
-0.00045973
-7.8041e-05
0.00098278
-3.6606e-05
-0.00050587
-0.00017575
-0.0009168
-0.00031127
8.5791e-05
9.4451e-06
1.8946e-06
0.00015847
-3.1357e-05
-2.3601e-05
-0.00012078
-0.00016822
1.0513e-05
-1.889e-05
1.7512e-05
0.00010521
-0.00034589
0.00014804
-0.00022898
0.00018738
-4.7454e-05
-7.0869e-05
0.0001925
-0.00018527
-4.503e-05
-3.945e-05
-2.4117e-06
-0.00011414
9.225e-07
0.0004425
-2.9631e-05
-0.00017534
-5.0119e-05
-4.6558e-05
4.7381e-05
1.2426e-06
0.00021194
0.00029005
6.5531e-05
-0.00074906
-0.00012027
-6.8262e-05
0.00040925
0.00028004
3.3639e-05
0.00057378
-2.9492e-05
-0.00014163
-0.00012437
-0.00053464
0.0013067
-0.00030168
0.00010488
3.6385e-05
4.6999e-05
-6.2857e-05
-1.4503e-06
0.00054696
3.1433e-06
-5.1636e-05
1.9133e-05
-0.0002958
-0.0002029
7.1592e-05
2.6503e-05
-0.0001765
-2.9579e-05
0.00014471
0.00010071
-0.00017571
-0.00019297
8.0471e-05
-2.7104e-05
-7.3589e-05
0.00010388
5.6911e-05
-4.5942e-06
-0.00018585
-0.000172
-0.00034308
2.5916e-05
-0.00044855
-7.5435e-05
-3.3713e-06
-0.00026491
-8.463e-06
-6.225e-05
-1.8653e-05
5.0298e-05
-0.00013444
-1.9748e-05
-0.00021003
-0.00024961
-0.00010789
-5.526e-05
5.4009e-05
0.000127
7.0173e-05
-9.8995e-05
-0.00019227
-0.00045736
-0.00041214
-0.00073588
0.00039991
0.0012126
0.00063998
-1.6313e-05
-0.00030056
-0.0016064
-0.00078768
-0.0011342
0.0010672
0.0024437
0.0009495
-1.7098e-05
-9.3293e-05
0.00012536
-0.00019244
0.0013823
0.00035988
0.0010314
0.00029081
-7.8516e-05
-9.6401e-06
-6.5249e-06
0.00016372
0.00018093
9.7624e-05
1.1288e-05
-0.00027885
-5.6413e-05
-8.3823e-05
4.6619e-05
-9.8766e-05
-0.00011235
-8.9454e-05
3.3804e-06
-0.000662
-0.00042621
-0.00063114
-1.4737e-05
3.3342e-05
1.8941e-05
-1.0377e-05
-2.5541e-05
0.00016931
3.9047e-05
4.5061e-05
-0.00010717
-2.8411e-05
1.1086e-05
-3.118e-05
-5.9241e-05
0.00020215
-5.5683e-05
-0.00010379
-0.0002024
-0.00034556
4.0016e-06
0.00011518
3.4636e-05
-0.00047757
2.8155e-05
-2.991e-05
-4.5788e-05
-0.00067042
-0.00022626
0.00026282
-0.0003453
0.00018701
0.00042335
0.00015282
-0.00015695
5.3924e-05
0.00015734
0.00028192
-7.6839e-05
0.00074196
0.00024622
7.0112e-05
-0.00012397
-8.7428e-05
-1.7549e-05
0.0001539
-4.0953e-05
9.5977e-05
6.8602e-05
6.7804e-06
-4.8376e-05
-0.00013765
2.6343e-05
6.5991e-05
1.2054e-05
-8.6752e-05
-4.1002e-07
4.5813e-05
-2.3113e-05
7.7063e-05
0.00021915
0.0003062
-9.2696e-05
-4.6134e-05
1.7437e-05
-1.3959e-05
5.7866e-05
-1.7762e-05
0.0001376
3.8539e-05
3.1628e-05
-1.4304e-05
-0.00011992
3.5062e-05
-4.533e-05
-1.5013e-05
8.5313e-05
0.000112
-0.00010524
5.0801e-05
-0.0005094
4.8271e-05
7.855e-05
-0.00016522
0.00011432
4.2787e-05
-0.00024479
0.00020135
-4.2914e-05
0.00014275
-0.00017232
-0.0001814
0.00031632
0.00011045
0.00038831
-0.00025193
-0.00020984
3.4688e-05
0.00066209
8.2574e-05
0.00019014
-6.0463e-05
-9.9463e-05
-5.5709e-07
-0.00011263
-5.3734e-06
5.5531e-05
-0.00012032
-0.0001294
-0.00015272
-5.762e-05
0.00023568
-8.8934e-05
5.2104e-05
3.0225e-05
2.4192e-05
-6.0145e-05
3.0286e-05
0.0002515
-0.00035803
0.00018734
-0.00024755
5.2141e-06
0.0002461
3.2966e-05
-0.00010612
0.00013425
0.00037529
-1.641e-05
-0.00024255
-0.00019619
7.7232e-05
0.00016516
0.00024403
0.00025124
6.8307e-05
-0.00014889
-0.00075915
-0.00058001
0.00062968
0.00066441
-7.7217e-05
0.00026096
-0.00012258
-0.00045212
-0.0011388
-0.00099889
0.0030782
-0.0010517
-0.00022459
8.7788e-05
-0.0016789
-0.00066129
-0.00069023
0.0003467
0.00094592
-0.0001688
8.1812e-05
-0.00026269
-0.00051428
-0.00019125
2.7529e-05
7.3365e-05
0.00052872
0.00090735
0.00028945
-0.00021119
-0.0001328
-9.8818e-05
-1.7173e-05
1.5135e-05
0.00037831
0.00066612
-9.0429e-06
-0.00013575
-0.0001232
4.6651e-05
0.00025504
0.0006586
-0.00027249
1.8373e-05
-1.2155e-05
1.4352e-05
-0.00014163
-2.6999e-05
8.1968e-05
0.00034551
-0.00011195
2.6428e-06
-9.8361e-06
-0.00027104
-0.00021454
9.7312e-05
0.00046739
-0.00011401
-0.000136
-0.00031023
-0.00023974
-0.00050486
0.00069777
0.0001826
-6.3143e-05
-0.0002325
0.00068868
-0.0014025
-0.00069257
0.00017097
0.0020185
8.4707e-06
-0.00010291
0.00057822
0.00020902
-0.00088883
-0.000438
0.0011804
0.00015693
9.8859e-05
8.2286e-05
0.00045482
-0.00068701
-0.00046945
-0.00033758
3.2983e-05
0.00023333
0.00024469
2.8712e-06
-2.2583e-05
-7.7485e-05
-0.00018516
-6.7951e-05
-6.3139e-06
0.00037378
8.698e-06
-1.5898e-05
-4.9066e-06
0.00021673
5.98e-05
-0.00019704
0.00013924
-9.5878e-05
2.4629e-05
-3.68e-05
2.893e-05
-0.00033491
-2.3806e-05
0.00010212
4.5975e-05
0.00018709
-2.3721e-05
-0.00011011
-0.00025132
-0.0001581
3.5061e-05
0.00012395
0.00027575
0.00054483
-0.00048003
-0.00029624
0.00013586
-0.00041276
-0.00020692
0.0001463
0.00098776
-0.0020864
3.193e-05
0.00058296
4.0517e-05
-0.001076
-0.0017049
0.0008761
0.0023597
-0.0010061
6.6987e-05
-5.3942e-05
-1.0331e-05
-0.00073494
0.00025663
0.00098361
0.00040686
3.1013e-06
2.31e-05
-0.00012455
3.5631e-05
0.00029543
0.00020196
0.00020316
0.00035367
1.9088e-05
-0.0001127
-7.5117e-05
8.409e-05
5.4806e-05
-5.3551e-06
3.6919e-05
0.00021484
0.0001056
-0.0001226
-0.00027227
-4.2258e-05
-6.6784e-05
0.00021284
2.5332e-05
-7.0344e-05
-0.00017632
-0.00013353
-2.7825e-05
-3.246e-06
-6.1412e-05
0.00030333
2.0944e-05
-0.00015499
-0.00025312
-7.1158e-05
8.6759e-05
-7.4519e-05
-3.3981e-05
0.00022038
0.00036768
-0.00014747
-0.00042394
-0.0003322
0.00051093
0.00019894
-0.00015963
0.00098171
-0.00020357
-8.5462e-06
-0.0016344
0.0012299
0.00062491
-4.6672e-05
-9.1289e-05
0.00072845
3.1655e-06
-0.00077399
-0.0006179
0.00063068
9.3385e-05
8.8859e-06
5.9684e-05
-4.8465e-05
-4.2404e-05
0.00012324
0.00013657
-7.2203e-05
3.9973e-05
4.2784e-05
-3.5792e-06
-0.00014527
0.00014546
2.5151e-05
-3.0541e-05
-0.00012406
0.00010493
0.00027981
-0.0003872
-7.7613e-06
-0.00020497
-1.7438e-05
0.00050173
3.4581e-05
-1.4675e-06
3.7369e-05
0.00033815
2.6979e-05
-0.0002837
-0.00010162
0.00022073
3.5226e-05
0.00014715
0.00021707
-9.0734e-05
-0.00021464
-0.00082109
-0.00017755
-5.4725e-05
0.0008951
0.00094265
-0.00013888
-0.00057162
-0.00037429
-0.00068277
-0.00032449
0.00026901
0.0025633
-0.00019605
-0.00036389
-0.00072967
-0.0022079
-0.00018536
4.059e-06
0.00099525
0.00031991
2.8506e-05
-0.00013863
-0.00073835
-0.00041212
0.00068552
0.00020189
7.0299e-05
0.00013951
-6.6157e-05
-6.2714e-05
-0.00018967
0.00061973
0.00022179
-5.153e-05
-3.0908e-05
-0.00014942
-3.7434e-05
-5.6101e-05
3.1839e-06
0.00080279
-0.00011802
-4.9168e-05
0.00015811
-0.00027417
1.7401e-05
6.6114e-05
5.3923e-05
0.00020955
-3.9137e-05
-2.6844e-05
-6.5739e-05
-6.0498e-05
1.0123e-05
0.00011047
7.2004e-05
9.7067e-05
-0.00010662
-5.9848e-05
-7.6588e-05
0.00040029
0.00018093
7.8678e-05
-4.8552e-05
-0.00031759
-8.199e-05
-8.8052e-05
-5.5474e-05
0.0002181
0.00026634
-0.00013494
-0.00026039
-0.00023198
-0.00022342
6.0793e-05
-0.00011479
0.00038097
0.00011054
0.00022944
-1.5773e-05
-4.772e-05
-7.5827e-05
-0.0001033
4.6591e-05
0.0001912
0.00017772
9.6423e-05
3.3139e-06
-4.3167e-05
-0.0001413
-0.00012876
-1.7308e-05
5.2346e-05
-0.0001019
2.2607e-05
1.3268e-05
-0.00010958
-7.5268e-05
7.7509e-06
8.0072e-05
0.00017511
1.0004e-05
3.2831e-05
4.8908e-05
-2.7137e-05
-8.5234e-06
-1.2942e-05
0.00014843
-7.0459e-05
2.6932e-05
-2.7957e-05
4.0883e-05
0.0001155
2.8955e-05
0.00013432
-2.585e-05
-8.4507e-06
-3.4113e-05
-8.2758e-06
0.00035391
6.9688e-05
-0.00018645
6.0947e-05
-0.00015347
-7.1977e-05
0.00010071
0.00021253
-0.0011019
-0.00055513
-0.00016214
-2.8489e-05
-0.00022558
2.7407e-05
1.9685e-05
0.00098186
0.00010215
-0.00012209
-5.8474e-05
-0.000137
0.00019612
2.4682e-05
0.00049215
9.6962e-05
-6.8706e-05
0.00011357
2.5345e-05
-4.3282e-06
0.00011878
9.9292e-05
4.1856e-05
1.6023e-05
4.6563e-05
4.9496e-05
-7.9701e-05
-8.6456e-06
9.6607e-05
-8.5392e-05
5.1382e-05
-3.7124e-05
5.4467e-05
-0.0002479
0.00027104
-0.00011992
-1.7725e-05
8.3938e-05
1.2399e-05
-0.0001976
6.8506e-05
0.00011713
4.9488e-05
1.782e-05
3.7062e-05
0.00018985
0.00019282
1.8018e-05
-8.9139e-06
1.6267e-05
3.7868e-05
5.0806e-05
-0.00024246
0.00049252
0.00028055
6.7622e-05
-8.479e-05
-0.00012866
0.00011721
-0.00091236
-0.00085787
0.00032672
-0.00056825
-0.00016287
-9.1929e-05
1.9542e-05
0.00024972
-0.00075368
0.00027483
0.00010946
-3.4822e-05
-0.00016877
3.9015e-05
0.00023326
-5.2778e-05
6.9943e-05
9.0678e-05
-4.4869e-05
0.00022033
6.1145e-05
3.3146e-05
4.4321e-05
-1.9283e-05
-1.0648e-05
-4.1134e-05
4.1166e-05
0.00032113
0.00011035
1.3899e-05
-1.4262e-05
5.1757e-05
0.00028643
0.00028656
0.00021605
-2.4211e-05
9.4915e-05
-6.5843e-05
2.0316e-05
-0.00018348
3.5769e-05
8.5573e-05
1.3314e-05
5.8927e-05
8.7594e-05
-6.1637e-05
-5.6e-05
0.00016295
0.00042466
0.00016964
-3.4048e-05
-0.00027193
-0.00019064
-0.0002626
0.00024621
0.00016736
0.00020666
0.00046185
3.0251e-05
-0.00013649
-9.4638e-05
-0.000966
4.0877e-05
0.000351
-0.00015846
0.00052322
-0.00010191
-8.5316e-05
-0.00048646
-0.00037233
0.00017796
-0.00014764
0.0002032
-0.00020885
-7.0536e-05
7.4275e-06
-0.00013817
0.00018397
0.00019917
-6.7756e-05
-5.6352e-05
-8.8912e-05
3.1939e-05
-2.3778e-05
4.4212e-05
0.0002186
0.00016957
-6.5163e-05
2.2081e-05
-1.2706e-05
0.00011703
0.0002059
-7.5614e-05
-1.3286e-05
-4.6924e-05
4.2635e-05
7.1543e-05
-7.8591e-06
-7.896e-05
-4.5371e-05
0.00013984
4.2706e-05
-5.726e-05
2.746e-05
7.6707e-05
-2.2746e-05
-1.4494e-05
-0.00010004
5.9289e-05
5.2325e-05
-2.4201e-06
0.00023224
0.0001431
0.00012551
-7.234e-05
-5.746e-06
-0.00010953
0.00011838
0.00017103
0.00089891
0.00039981
-0.00019029
-0.00018299
-0.00033764
3.7709e-05
2.6808e-05
1.5537e-05
0.0001814
-5.7235e-05
-5.8976e-05
-0.0003348
-2.7687e-05
-0.00010222
-4.3299e-05
8.6791e-05
-7.673e-05
-0.00011469
-0.00011441
-3.1863e-05
-3.0018e-05
6.9051e-05
0.00011104
-2.8751e-05
-0.00010384
-0.00011176
-6.6704e-06
1.184e-05
-9.5621e-05
0.00012539
0.00012324
-0.00014354
-0.00014956
-0.00010604
-6.5705e-05
1.776e-05
-1.942e-05
7.5325e-05
-0.00015535
-3.3932e-05
-0.00010932
-1.213e-05
9.2212e-06
9.3814e-05
0.0003476
0.00014268
-7.4407e-05
-8.0753e-05
-4.4307e-05
3.2618e-05
0.0003164
0.00045642
0.00022413
-0.00018244
-0.00030755
0.00025255
-0.00020465
-7.0932e-05
0.00023987
0.00018329
0.0001308
-0.00085308
0.00019398
4.827e-05
-0.00026264
0.00022311
5.8809e-05
0.00020845
-0.00095768
3.0316e-05
2.0506e-05
-9.0701e-05
-9.9092e-05
0.00020528
0.00024845
0.00020371
-0.00015716
-5.9396e-05
2.5538e-05
2.7455e-05
-1.4797e-05
9.3e-05
0.0001381
0.00014508
-0.00011204
6.4103e-05
1.9046e-05
3.1766e-05
-5.4812e-05
3.7313e-05
0.00018732
-0.00013305
0.000266
-0.00011691
1.1453e-05
6.6703e-05
3.7822e-05
-0.00021478
2.9898e-05
5.2985e-05
5.027e-05
-2.8975e-05
0.00017955
6.9287e-05
-5.1364e-05
-3.8297e-05
0.00021428
0.00019198
-5.7425e-05
6.5133e-05
-0.00016284
-9.4134e-05
0.00040892
0.00047366
0.00010939
7.9524e-05
0.0001558
-0.00036005
-0.00030562
-0.00051711
0.0006398
-0.00041164
-0.00059396
0.0003399
0.00020922
-0.00049337
4.1192e-05
-0.00013525
0.0002901
-0.00023057
8.4498e-05
4.7071e-05
-3.7075e-05
-4.0068e-05
-0.00016511
2.3422e-05
0.00023387
6.7396e-05
-5.2375e-05
-4.2302e-05
-8.1917e-06
-3.8098e-05
-6.7021e-05
2.7067e-05
0.00018423
6.1298e-06
-0.00012171
-2.2494e-05
0.0001753
7.3644e-06
3.8243e-05
0.00023795
3.6183e-05
-2.5614e-05
0.00015811
-2.9229e-05
-0.00036785
4.0513e-06
0.00023179
4.5811e-05
-6.0238e-05
5.8258e-06
-4.7422e-05
-0.00018736
5.6552e-05
0.00017039
0.0001094
4.9307e-05
9.7072e-05
-2.403e-06
-5.3045e-05
5.5771e-05
-0.0001452
-0.00027635
3.3088e-05
0.0001363
1.7107e-05
-0.0001548
0.00038424
-1.3149e-05
-0.00075042
-0.00089798
0.00023966
0.00013359
0.00011056
2.9065e-06
0.00011211
-0.00012752
-0.00031065
0.0002079
0.00019703
5.5567e-05
9.18e-05
-5.9445e-05
-5.4535e-05
-0.00013395
0.00010124
-1.6856e-05
-7.8479e-05
2.1111e-05
7.0265e-05
-4.8915e-05
-6.038e-05
3.1029e-05
6.8858e-06
-6.6187e-06
8.8784e-05
0.00010456
0.0003826
0.00059259
-0.00013645
4.0641e-05
3.2902e-06
3.5719e-05
-5.7587e-05
-0.00013862
-8.3242e-05
6.7624e-05
-1.3677e-05
-2.2933e-05
1.7264e-06
-9.6498e-05
-0.0001409
-0.00013476
-1.8156e-05
0.00011163
1.4092e-05
0.00013246
2.9941e-05
-0.00027524
-5.5717e-06
-0.00036829
0.00017473
0.00049923
9.9295e-05
2.3627e-05
-0.00060882
-0.00025292
0.00014144
-0.00017798
8.469e-05
0.00054944
0.00022399
-0.00042868
-0.00010829
0.00057347
-0.00012964
0.00075171
0.00011757
0.00021872
0.00015601
-4.5172e-05
-9.6893e-06
-0.00014509
8.5404e-06
0.00019763
0.0002606
3.4028e-05
6.1187e-05
-4.82e-05
-0.00029807
-5.1768e-05
3.8952e-05
0.00018579
-0.00028437
-7.9698e-05
7.9246e-05
-0.00033378
4.7797e-05
6.9497e-05
2.9186e-05
4.3365e-05
-8.067e-05
1.1654e-05
7.6302e-05
-1.6333e-05
-1.3801e-05
1.2608e-08
0.00016649
0.00019905
0.00016553
7.2972e-05
-6.1621e-06
6.2496e-06
-3.1902e-05
-0.00011539
0.00026683
-1.7786e-05
9.3505e-05
3.835e-05
-1.2e-05
-1.1791e-05
-0.00038257
-0.00015145
-0.00036584
-7.5976e-05
0.00013738
-4.2878e-05
-4.8299e-05
0.00014691
-0.00070021
-0.0004374
9.7537e-06
8.4127e-05
-1.7133e-05
-2.2591e-05
0.00013198
1.1667e-05
-0.00044473
0.00040042
4.3785e-05
5.1946e-06
5.4589e-05
2.7598e-05
3.1332e-05
-3.489e-05
0.0002118
0.00035469
4.0761e-05
-3.4171e-05
-5.4265e-05
-1.2185e-05
-2.8189e-05
0.00011051
0.00010057
8.4443e-05
0.00019031
0.00021253
0.00034465
8.8271e-05
4.0795e-05
-5.8034e-05
-2.4613e-05
4.6753e-05
0.00011094
7.8504e-05
0.00010734
0.00017832
0.00020136
6.5346e-06
-7.2961e-05
5.1869e-05
0.00012871
0.00026373
0.00014339
0.000233
0.00012495
-0.00020641
-0.00013176
-0.00014472
0.00015907
0.000202
2.9044e-07
0.00025946
-0.00054084
-0.00019135
-0.00049892
-0.00011919
0.00053227
0.00011809
-0.00021595
-8.5156e-05
-8.1557e-06
-0.00030131
-0.00024555
-0.00032321
0.00045787
-0.00014955
-5.2037e-05
-5.0164e-05
-2.2201e-05
-9.4363e-05
0.00010865
0.00020466
-5.6286e-05
-0.00018473
-8.6156e-05
-2.7116e-05
6.3528e-05
4.465e-05
-1.0533e-05
7.6243e-05
-3.0348e-05
-0.00014858
-8.4083e-05
1.2296e-05
0.00024681
6.1034e-05
-8.0095e-05
5.9853e-05
-3.9867e-05
-1.0791e-05
-9.5651e-06
-3.6105e-05
5.5077e-05
1.6062e-05
7.1971e-05
3.7045e-05
-1.2696e-05
-7.0727e-05
5.1309e-05
3.0968e-06
4.6325e-05
1.6073e-05
0.00015815
0.00014336
-0.00017733
-0.00040463
0.0001716
0.00034732
-7.0626e-05
0.00061658
-7.1891e-05
0.00037172
-0.0011296
-0.0011035
0.0003394
-0.00020139
0.00027738
0.0015593
-0.00012323
-0.00020244
-0.00090782
-8.3162e-05
-2.0255e-05
8.8435e-06
0.00041826
9.042e-05
-0.00032279
-7.1336e-05
-1.9945e-05
-0.00011287
9.5729e-05
0.00013783
0.00010441
-1.5887e-05
-8.312e-05
2.135e-05
-8.5545e-05
-9.9618e-05
8.6464e-05
0.00011978
0.00010797
1.2837e-05
0.0001907
0.00024026
0.00020828
4.0236e-05
6.6264e-05
1.8106e-05
8.7978e-05
-8.6913e-05
-5.9961e-05
-5.4064e-05
-3.1727e-05
0.00021289
0.00039391
0.00017526
0.00010581
-0.00023849
-7.4155e-05
-9.2456e-06
9.7843e-05
0.00033859
0.00041905
-1.3279e-05
-7.5598e-05
-0.0004941
0.00022689
0.00023536
0.00034625
0.00024899
0.00068012
-0.00046167
-0.00061683
-0.00081801
0.00026378
0.00046599
4.3612e-05
0.00016627
-9.5428e-05
-0.00045927
-0.00022797
-0.00020152
-5.5081e-05
0.00032536
0.00052802
-0.00011395
-0.00014585
-3.6722e-05
-0.00023229
-0.00016762
-0.00015017
0.00023794
0.00015133
-0.00015305
-1.3894e-05
-7.5952e-05
5.9713e-05
-0.00013063
2.4799e-05
0.00017081
0.00016938
-0.00029005
-0.0004546
0.00015963
-7.6898e-05
-1.9091e-05
-6.48e-05
3.3734e-05
-0.00013011
1.6778e-05
-1.0558e-07
0.00011588
-0.00020573
-1.6735e-05
9.9121e-07
5.426e-06
-8.3947e-05
-1.4963e-05
0.00018771
0.00021088
-0.00041066
-3.7304e-05
-0.00015619
-3.8914e-05
1.7885e-05
0.0003647
5.1067e-05
0.0001473
-4.9564e-05
1.9944e-05
-0.00011304
0.00023452
0.00017648
-0.00067767
2.9345e-05
0.00031907
-3.8789e-05
-4.7148e-06
-0.00024899
0.00021936
1.0984e-05
0.00026186
-0.00037566
-8.8376e-05
9.7622e-05
5.8642e-05
-6.1963e-05
2.64e-05
0.00021181
0.00028065
-0.00014352
-4.296e-05
0.00011371
-2.9975e-05
-4.55e-05
3.6775e-05
0.00019177
-0.00011565
-6.985e-05
2.175e-05
5.0151e-05
0.00015955
-0.00026716
-0.00013357
8.2864e-06
8.0493e-05
-1.2697e-05
-0.00012825
2.2552e-05
6.9325e-05
4.9777e-05
1.8294e-05
-1.354e-05
2.7913e-05
-8.1991e-05
-5.8544e-05
7.8924e-05
6.5943e-05
0.00026934
0.00024887
1.3271e-05
-0.00023609
-5.2137e-05
-0.00016882
0.00026039
-0.00013896
1.3079e-05
1.1562e-05
-0.00046581
-2.9813e-05
-0.00014121
1.4368e-06
-0.00029013
0.00012504
0.0001161
0.00048644
-3.1018e-05
-1.212e-05
-0.0001391
0.0001811
-4.0452e-05
-4.416e-05
0.00011151
0.00010455
1.7942e-05
0.00019276
7.8037e-05
0.00016921
0.00017658
3.9394e-05
8.1345e-05
4.4176e-05
-0.00020299
1.1816e-05
0.00011133
5.3007e-05
-0.00017431
-4.668e-05
2.8409e-05
0.00025139
-0.00023931
-0.00011657
-0.00030654
4.8201e-05
8.5572e-05
-2.9418e-05
-0.00030975
2.0189e-05
0.00013039
-3.6104e-05
0.00015977
4.7577e-05
1.0854e-05
-0.00014778
-0.00012827
1.1639e-05
5.2203e-05
1.0785e-05
0.00085324
-0.00031221
-0.00034122
-0.00010662
4.7179e-05
-0.0001499
0.00041643
0.00014477
-0.00026764
-0.00087532
-0.00027211
-0.00012585
-0.00023128
-0.00025961
3.9897e-05
0.00061243
-6.5767e-05
-0.00022176
-6.5833e-05
-0.00011281
0.00037614
9.4201e-05
0.00076307
0.00051777
-8.6814e-05
-2.9243e-05
-0.00010164
1.8193e-06
0.00018597
0.00017272
0.00030839
0.00017992
-2.4517e-05
-0.00034021
-5.2281e-05
3.9367e-06
0.00039024
-0.0002292
4.5562e-05
9.5784e-05
-0.00018265
0.00017297
0.0001399
0.00065253
3.9019e-05
3.9653e-05
-3.6124e-05
-0.00012767
1.9299e-06
4.9434e-05
5.5175e-05
0.00044671
0.00016735
2.3041e-05
-0.00021929
-0.00011239
2.4884e-05
8.1594e-05
0.00026562
0.00058094
0.00035786
-0.0006194
-0.00028872
-0.00019606
6.5844e-05
3.1186e-05
0.00012769
0.00067544
-5.9287e-05
-0.00028029
-0.00093507
-9.4666e-05
0.00078073
-0.00025454
1.9564e-05
0.00015901
-0.0003122
-0.00054803
-0.00017497
0.0001673
-3.7304e-05
0.00012304
0.00049089
-0.00017803
-0.00024953
-0.00025882
-8.6262e-05
-0.00015547
0.00015576
0.00021052
1.8555e-05
-0.00020018
-0.00010788
-4.9771e-05
-4.9959e-05
2.7167e-05
0.00021928
5.89e-05
-5.0723e-05
-0.00015227
4.9084e-05
-0.00045684
0.00020221
2.6641e-05
-0.00047535
-8.9646e-05
-0.00012497
2.8767e-06
-6.9476e-05
-2.1603e-05
0.00010426
-0.00040638
-0.00022015
-4.0885e-05
7.2142e-06
6.1892e-05
0.00015856
0.00035785
-0.00036579
-0.00063133
-0.00050953
0.00021125
-0.0004011
0.00019761
0.0014816
7.2481e-05
-0.00064302
-0.0010419
0.00054244
0.00031063
-0.00038007
0.0019674
0.00016491
-0.00063265
-0.00050717
-9.6208e-05
0.00036766
-4.2869e-05
0.00034051
0.0010013
0.00016309
-0.00019887
-0.00015853
-2.5402e-05
0.00018955
0.00039625
0.00011991
0.00022077
-3.0222e-05
-0.00020754
-0.00015202
-1.6302e-05
0.00021839
0.00032878
-8.6742e-05
7.5357e-05
-8.4402e-05
-0.00028689
0.0002709
-0.00068784
-2.633e-05
-2.2425e-05
-1.0851e-05
-5.7452e-05
2.4302e-05
-2.0154e-05
-3.9681e-05
-9.258e-05
-1.9193e-05
3.4898e-05
1.5725e-05
-1.487e-06
9.5458e-05
2.0721e-05
-0.00015389
-5.8775e-06
7.4287e-05
-0.00019987
4.4641e-05
7.9985e-06
0.00035281
-8.2488e-05
-3.1017e-05
6.9361e-05
-0.00029506
0.00018161
0.00026619
0.00042288
0.00032972
-2.8795e-05
0.00015935
-0.00080302
-0.0011516
0.00025043
0.00034966
6.3733e-05
0.00017483
0.00013392
0.00012641
-0.00065644
-2.6287e-05
0.00017374
5.168e-05
9.8957e-05
0.00022682
-2.316e-05
2.8061e-05
-1.8855e-07
0.00014667
6.7771e-05
3.1748e-06
0.00010688
7.4259e-05
-1.861e-05
5.649e-06
-5.7175e-05
-3.3908e-06
9.4848e-05
2.0316e-05
-0.00052369
5.9777e-05
6.5743e-05
-0.00010556
7.9912e-06
-0.00015293
-1.6998e-05
-0.00044961
-0.00012965
0.00030666
8.9144e-05
-7.5696e-05
4.6918e-05
-6.3544e-05
-0.0001207
-0.00027186
-4.2373e-05
0.00093023
-5.3827e-05
-0.00026811
0.00025352
-9.1419e-05
-0.00019544
-0.00035927
-0.0001028
0.00055607
-0.00051971
0.00075544
0.00087559
-0.00060639
-0.00020753
-0.00053467
-0.0002223
-3.3884e-05
-2.3071e-05
0.00036279
0.00018386
7.9929e-05
-7.9256e-05
-4.9774e-05
0.00042074
0.00032439
0.00013821
0.00011703
4.008e-05
-5.6855e-05
6.7124e-05
9.7875e-05
5.8805e-05
0.0001381
1.5003e-05
-9.3225e-06
-8.0791e-05
-8.9944e-05
4.8011e-05
5.2893e-05
0.00023418
0.00016676
-0.00048519
0.00028483
0.00034592
-2.4036e-05
7.517e-05
1.9735e-05
-0.00020916
-1.6594e-05
-4.8832e-05
9.2834e-05
0.00013004
9.4558e-05
7.2168e-05
-3.4521e-05
-0.00030717
-1.3122e-05
-2.0568e-05
0.00038164
0.0001735
0.00024068
-0.00047317
-0.00015795
-0.00023051
-3.9792e-05
-0.00011912
0.00013749
0.0018887
-0.00017384
-0.00035677
2.328e-05
3.1475e-06
-0.00054815
4.3494e-05
-2.3684e-05
0.00068413
-8.2445e-05
-0.00017907
-0.00010165
-0.00012457
9.9485e-05
-5.2205e-05
0.00056194
7.0017e-06
-9.8882e-05
-6.96e-05
-4.5768e-05
-3.2536e-05
-6.089e-05
0.0001216
-1.0364e-05
-0.00011515
-0.00012216
-0.00011454
-1.8298e-05
-0.00013237
0.00013165
-9.882e-05
-7.482e-05
-0.0004202
-0.00039098
-0.00024075
0.00026695
-0.00010113
5.0212e-05
-4.3628e-05
-7.741e-05
-7.0416e-05
2.8025e-05
-2.46e-05
6.9004e-05
6.4813e-06
-7.2366e-05
-9.8926e-05
-4.2108e-05
1.7812e-06
0.00012481
0.00035779
5.0115e-06
-9.3262e-05
-0.00029786
-0.00012717
8.6646e-05
-1.8331e-05
0.00027203
1.533e-05
0.00021465
-0.00053655
-0.00044462
-7.6052e-05
0.00012139
0.00046179
0.00010759
-4.7865e-05
0.00023186
-0.00032295
-0.00034976
7.3908e-05
0.00069494
0.00014327
0.00021982
-1.1539e-05
-0.00011238
-0.00011357
-3.6015e-05
3.8224e-05
9.3416e-05
0.00040779
0.00019663
3.9315e-05
-7.5967e-05
-0.00017262
-5.6491e-05
-2.0618e-05
3.792e-05
2.0972e-05
-0.00010768
1.0413e-05
-7.984e-06
-0.00012664
0.00019773
4.4871e-05
1.5514e-05
0.00011296
-6.1189e-06
-6.4498e-05
2.0505e-05
9.7382e-05
-4.7461e-06
0.00011523
-5.6416e-05
-5.0616e-05
9.6965e-06
-8.9404e-05
1.7728e-05
-3.8204e-05
3.9945e-05
-0.00046564
-0.00028683
0.00035001
-3.9002e-05
-8.5507e-05
-0.00022021
0.00012021
-0.00016822
-0.00056776
0.00030776
0.00014868
-0.00023892
-0.00016074
-0.00053576
0.00058941
-0.00014829
-0.00010505
8.4763e-06
0.00024973
-6.6613e-05
5.579e-05
0.00016098
-0.00012257
-0.0001614
0.00011159
0.00013411
-2.7485e-05
0.00011276
-7.9957e-05
0.0001235
3.5204e-05
-0.00010027
0.00010469
-0.00023697
0.00016524
-3.2236e-05
3.8213e-05
1.3611e-05
0.00012046
8.4112e-05
9.2703e-05
0.00083137
0.00013248
0.00018991
-3.4243e-05
-3.4142e-05
4.8678e-05
-7.3375e-05
-4.6252e-06
4.1845e-05
0.00012232
0.00032138
3.8386e-05
-0.00011844
-4.7802e-05
-3.469e-05
-1.2234e-05
4.6677e-05
0.00028258
-0.00035139
0.00014413
-0.00020434
-8.2671e-05
-0.00012446
-0.00021064
9.4634e-05
0.00028956
9.0658e-05
-0.00023233
-0.00026252
-0.00023789
5.8349e-05
-6.8751e-05
0.00032772
-0.00035575
0.00012799
6.2959e-05
-0.00013679
-2.3772e-05
-0.000464
-4.1827e-05
0.00018067
9.6291e-05
-5.5672e-05
-9.0886e-05
-6.331e-05
1.6577e-05
7.1459e-05
0.00018787
0.00030827
0.00013504
2.0995e-06
-4.5179e-05
-2.5567e-05
3.6518e-06
0.00017706
0.00017222
5.1982e-05
-1.6395e-05
-5.6429e-05
0.00015739
9.1409e-05
-0.00011525
2.6184e-05
0.00020361
-1.1221e-05
3.7079e-05
-1.5944e-05
0.00013467
-0.00010472
9.1371e-05
0.00015179
0.00026374
0.00011412
6.7677e-05
-4.5594e-05
-2.401e-05
-0.00019456
0.00015628
0.00022875
0.00036988
0.00025771
-0.0002846
-6.4384e-05
6.7123e-05
8.5387e-05
-0.00046342
0.0006956
0.00056055
-0.00018025
-0.0012498
-5.5116e-05
0.00036593
-0.00021788
0.0004823
6.9058e-05
0.00020286
-0.00053172
-0.00012158
0.00012169
0.00019762
0.00010754
-6.3496e-05
3.9697e-05
4.29e-05
3.0551e-05
-5.0822e-05
8.8325e-05
0.000177
0.00014321
-0.00020624
-5.8655e-05
-4.3829e-05
-0.00010565
-0.00020739
-3.4999e-05
3.8202e-05
5.5602e-06
-0.00045086
-0.00034263
-0.0001685
-1.4312e-05
-3.6252e-06
5.1493e-05
6.7515e-06
5.0049e-05
4.8794e-05
-0.00022652
-3.2523e-05
3.5523e-05
2.733e-05
-0.00017565
-4.6793e-06
0.00011989
-5.9962e-05
-6.6247e-05
-9.6631e-05
-0.0002082
-0.00012832
-0.00014594
0.00014251
7.7744e-05
3.95e-05
0.00010751
3.5821e-05
-0.00019158
-0.00018371
1.5549e-05
-0.00042107
0.00021365
0.00014541
0.00097873
-0.00026543
-0.00012861
1.2199e-05
0.00035105
0.00016883
0.00033067
0.00031021
0.00091223
8.3903e-05
-0.00018089
-5.6525e-05
7.3841e-05
-6.0752e-05
0.00037798
0.00015952
0.00010939
-0.00011373
-0.00010344
1.66e-05
2.3949e-05
-0.00032778
3.0366e-05
3.9851e-05
1.4842e-05
-0.00032523
-3.5481e-05
-0.00091565
-3.6793e-05
-0.00010389
3.1258e-05
7.3363e-05
3.0282e-05
3.9238e-05
-8.7048e-05
-8.8021e-05
4.1834e-05
3.5281e-05
0.00011877
0.00010774
6.9799e-05
6.5403e-05
-0.00011351
0.00011636
0.00017364
0.00018306
6.9725e-05
-7.2806e-05
0.00014433
0.00011498
0.00012318
7.7617e-05
0.00021784
0.00033597
-0.00016522
-0.00072624
0.00014994
0.00015952
-5.9675e-05
-8.2365e-06
0.00046454
0.000506
-0.00027501
-0.00039376
0.00011854
-6.1811e-05
4.7236e-05
0.00052154
0.00029411
9.5297e-06
-0.00013325
-0.00015847
-0.00015536
8.6142e-05
5.961e-05
8.6833e-05
0.00019851
-0.00013407
-1.5338e-05
-0.00019819
-5.093e-05
4.8518e-06
-8.2928e-05
-8.4971e-06
-0.00011935
-0.00055384
-0.0006036
-0.0003771
-3.3664e-05
3.563e-05
-4.7224e-05
1.7097e-06
-0.00030149
-3.9544e-05
-0.00013203
-1.8144e-05
0.0002306
4.6035e-05
2.3095e-05
-3.8989e-05
-7.2926e-05
1.0938e-05
-5.253e-05
0.00022209
0.00028278
0.00011235
-0.00018102
2.2034e-05
5.5488e-05
0.00019274
-0.00017608
0.00032793
-0.00026401
0.00034141
-9.3789e-06
0.00017793
0.00043087
0.00026543
0.00021147
0.00033307
-0.00029031
0.00015941
0.00022624
-1.0775e-06
1.8112e-05
3.401e-05
0.00061127
0.00018898
-4.8151e-05
5.8956e-05
-0.00026354
-2.3725e-05
-1.1373e-05
0.00011781
0.00028998
-4.8532e-06
-0.00010969
-0.00024222
-0.00030228
2.6469e-05
-0.00011475
0.00017524
-5.5518e-05
1.4912e-06
-0.0002772
-0.001272
6.6493e-05
-0.00024567
5.5833e-05
8.4069e-05
-2.2311e-06
-0.00010665
3.6721e-06
7.1713e-05
-2.6485e-05
8.1501e-05
-1.1225e-05
-2.4203e-05
7.1499e-06
6.5567e-05
2.2397e-05
9.626e-06
6.4038e-05
0.00014491
-0.00022501
1.3659e-05
6.9398e-05
0.000181
-0.00027678
-0.00011435
0.00015767
-0.0005056
0.00048783
0.000442
-4.489e-05
-0.00061182
-0.00039126
-1.5904e-05
5.761e-05
7.794e-05
-9.457e-05
2.1642e-05
3.6582e-05
-0.00015322
-2.6278e-05
0.00016731
6.6559e-05
-7.3619e-05
-0.00014255
-0.00011776
4.0063e-05
5.253e-06
-9.9263e-05
0.00011965
6.6134e-05
-6.2334e-05
-3.5933e-05
-1.337e-05
3.0401e-05
8.9467e-06
5.0054e-05
0.00012984
3.6931e-05
0.0002369
0.00071135
7.992e-06
-9.3762e-05
1.2595e-05
0.00018547
2.9942e-06
0.00011249
-8.2144e-06
-8.4492e-05
-4.7264e-05
-1.0479e-05
-0.00011772
1.3885e-05
-4.0004e-05
-4.2517e-05
-6.3835e-05
2.6773e-06
-0.00030215
1.2738e-05
-2.3001e-05
0.0002893
-6.4423e-05
-4.5762e-05
-0.00014582
-0.0002346
-0.00011604
0.00098625
-0.00015314
-0.00018083
-0.00026675
-0.00013001
-0.00089588
0.00041804
-0.00019194
-0.00018186
2.6497e-05
0.00041376
-0.00012168
4.6315e-05
-6.7593e-05
2.235e-05
-5.7432e-05
5.3707e-05
5.5615e-06
0.00012131
4.3464e-06
-3.4541e-05
-6.4796e-05
0.000105
5.8506e-05
0.00011035
3.1552e-05
6.7723e-05
1.5279e-05
0.00022113
-0.00021563
9.8471e-05
6.5224e-05
0.00035331
0.00060809
0.00044069
0.00011557
1.2122e-05
-4.6708e-05
-5.2425e-05
-1.0045e-06
-2.0697e-05
0.00038096
7.7908e-05
0.00016171
-0.00012555
-0.00013224
4.9673e-05
-6.4537e-05
-2.2718e-05
0.00020168
0.00014628
-0.00022977
-0.00014444
-0.00035304
-0.00010265
-9.2551e-07
-0.00013748
9.1593e-05
2.2434e-05
-0.00029487
-0.00052809
-0.00083362
0.00044652
0.00022211
-3.3945e-05
0.00037397
0.00031493
-0.00059388
-0.00029506
-8.1923e-05
0.00024245
-0.00015162
0.00019623
0.00013624
-0.00013301
-1.1252e-05
-8.7347e-07
-0.0001444
9.039e-07
6.3656e-05
0.00017952
8.2471e-05
6.2709e-05
8.6447e-05
-9.0202e-05
1.3269e-05
5.0774e-05
0.00020339
4.2638e-05
4.2561e-05
5.6027e-05
8.684e-05
0.00049338
0.0001485
5.9576e-05
0.00010928
0.00010785
2.1474e-05
-0.00010223
-1.0733e-05
3.8258e-05
1.925e-05
0.00030819
0.00019277
-8.4945e-06
-8.1939e-05
1.6946e-06
-6.1229e-05
-0.000113
7.3649e-05
-0.00039653
7.3815e-05
-0.00020306
-9.802e-05
-0.00050763
-0.00011433
-8.5782e-06
0.00048822
0.00080254
0.00017638
-0.00037402
-0.00025019
-0.00042641
0.00020372
0.00061077
0.00028582
-4.0055e-05
-1.8063e-05
-0.00027672
-0.00014486
-0.00017826
0.00011738
0.00024825
1.9761e-05
-4.1055e-05
-0.00013729
-0.00010143
-3.8493e-05
-5.3818e-05
3.9097e-05
0.0001795
-2.3367e-05
-8.2415e-05
2.1518e-05
-4.2811e-05
3.2052e-05
-6.6536e-05
9.104e-05
8.844e-05
6.6939e-05
-9.6341e-05
-5.7096e-05
0.00061078
0.00010555
4.829e-05
0.00018496
6.4638e-05
0.00014611
6.4649e-05
-2.1089e-05
2.7206e-05
0.00015768
0.00012156
0.00017491
0.00011199
0.0001099
9.5716e-05
-4.243e-05
0.00021631
-0.00039161
0.00015148
8.3034e-05
9.1549e-05
-0.0002847
-1.4012e-05
-0.00067564
0.00037863
-0.00039113
0.00020242
0.00024768
0.00034213
-0.00029587
-0.00032144
-0.00047437
-0.00047681
-8.2153e-05
8.6161e-05
-0.00016804
4.6966e-05
-0.00015708
-1.1873e-05
-0.00016586
-5.15e-06
-9.4314e-05
6.8622e-05
7.7317e-05
-7.3446e-05
-0.00016457
9.0266e-05
0.00021301
-2.3909e-05
4.8644e-06
3.399e-05
-1.214e-05
-0.00010263
-3.4498e-05
0.00012216
-3.429e-05
5.4324e-05
8.2584e-05
0.00037233
0.00017767
1.9864e-05
2.6932e-05
9.1321e-06
3.4639e-05
-0.00012825
-4.4493e-05
0.00014544
7.4187e-05
2.3042e-05
-0.0001563
-7.2629e-05
-5.3401e-05
-5.9894e-05
-2.5787e-05
8.7798e-05
0.00026955
0.00016379
-0.00016193
-0.00038679
0.0001271
-2.5944e-05
5.1661e-05
2.2383e-05
0.00060366
-0.00013695
-0.0005813
-0.0003511
0.00015728
0.0001391
0.00013719
0.00042297
0.00071188
-0.00025282
-0.00014018
-0.00010894
2.2357e-05
3.3262e-05
0.00029571
0.00058796
0.00029716
-0.00012275
-6.3812e-05
-0.00012159
-5.658e-05
7.6396e-05
0.00014732
1.1627e-05
-2.382e-05
-4.2058e-05
-4.8969e-05
-0.00017911
1.2247e-06
1.1698e-05
1.0085e-05
-7.2169e-05
4.8081e-05
-0.00058166
-0.00047817
6.4993e-05
-3.3303e-06
0.00012091
-5.234e-05
-6.3779e-06
-8.5e-05
-6.7193e-06
-0.00010005
1.3233e-05
0.00013896
0.0001184
-7.078e-05
-0.00013119
-0.00013571
-0.00012418
1.3217e-05
0.00010099
3.3947e-05
-0.00014985
-0.00041816
-0.00012043
-9.7148e-05
0.00011342
-0.00022773
0.00031571
2.8765e-05
0.0002321
-0.00024241
-0.00028522
-0.00011867
0.00049101
-0.00050798
0.00068563
-0.0001459
3.0358e-05
-0.00026486
-9.974e-05
-7.4894e-06
0.00026332
0.00056236
0.00020652
-7.7269e-05
-2.9609e-05
-5.4683e-05
-0.00018075
-0.00014247
4.3208e-05
0.0001513
8.3628e-05
-1.6067e-05
4.5436e-05
-2.7978e-06
-2.3407e-05
-5.2277e-05
3.1409e-05
0.00015128
2.399e-05
0.00044794
-6.0725e-05
6.7002e-05
0.00018964
-7.4158e-06
-3.3719e-05
1.4226e-05
-1.6247e-05
4.0264e-05
-0.00028784
3.4307e-05
-2.5999e-05
0.00023916
-5.7023e-05
-0.00011511
-1.5129e-05
-0.00015315
-0.0001337
6.2702e-06
0.00028285
2.7741e-06
0.00015965
-0.00014268
-0.00015084
-0.0002261
9.5595e-05
0.00011063
0.00031501
0.00039842
2.1404e-05
-6.7378e-05
-1.4901e-05
-0.00052204
3.0012e-05
0.00023136
0.00021788
0.00017157
-0.00032172
-0.00013535
-0.00012502
0.00013025
0.00026391
0.00010976
-9.0266e-06
-0.00020443
-4.8645e-05
-1.9074e-05
5.0196e-05
-1.1142e-05
7.0228e-05
-2.7458e-06
-0.00010805
-3.7262e-05
2.5031e-05
-8.9864e-07
0.00010492
6.6456e-05
0.00013784
-4.2038e-05
-4.7206e-05
-3.4017e-05
