-6.71e-06
-9.567e-05
-2.297e-05
-7.722e-05
4.899e-06
9.419e-06
-1.3051e-05
-1.6125e-05
1.6186e-05
-0.00012018
-0.00013698
-6.4671e-05
-3.3354e-05
-1.7417e-05
-3.302e-05
1.3295e-05
4.1673e-05
-0.00016799
8.256e-05
2.9231e-05
-3.163e-05
0.0001008
0.00010333
1.516e-05
-2.6153e-05
2.364e-05
0.0001784
-0.00017241
0.00010019
4.553e-05
0.0003231
-3.312e-05
-3.3452e-05
-0.00023029
-4.2e-05
-7.644e-06
2.97e-06
0.00010976
1.9573e-05
-7.4435e-05
-8.711e-05
-8.5214e-05
3.5713e-05
1.7338e-05
-3.412e-05
1.208e-05
3.125e-05
-6.145e-05
-0.00011974
-3.7994e-05
0.00017098
-2.2876e-05
9.618e-06
6.953e-05
-2.322e-05
3.3329e-05
-8.528e-05
0.0001172
0.00018759
-9.228e-05
6.2516e-05
-1.4007e-05
-0.00012481
-5.942e-06
-5.184e-05
-5.245e-05
-9.696e-05
3.049e-06
3.5256e-05
-5.4954e-05
0.00010449
5.919e-05
1.0539e-05
-2.427e-05
-5.6653e-06
6.627e-05
0.00016442
-0.00011217
2.932e-05
8.364e-05
5.718e-05
5.0289e-05
-2.7334e-05
-4.3085e-05
0.00010141
4.395e-05
0.00032005
-6.309e-05
0.00014616
-0.00022921
-0.0001081
0.00023488
-0.00040158
-3.597e-05
2.414e-05
4.274e-06
1.9387e-05
5.625e-05
-1.6097e-05
0.00014193
-8.1112e-05
-2.422e-05
-3.345e-05
1.2501e-05
3.552e-05
3.9932e-06
1.876e-06
-4.509e-05
7.148e-05
4.124e-06
-2.8067e-05
-4.5706e-05
1.315e-06
-3.497e-05
-0.00013871
-4.5772e-05
-0.00015006
0.00012842
-1.8425e-05
-8.624e-05
-3.2877e-05
-0.0001204
2.814e-06
-7.086e-05
2.0004e-05
-4.91e-05
1.8338e-05
-6.0689e-05
-0.00014572
-8.783e-06
-3.4421e-06
4.773e-06
2.4615e-05
6.2e-05
-2.269e-06
-0.00017127
5.004e-05
-4.281e-05
2.2113e-05
0.00010979
8.216e-05
-4.337e-05
8.994e-05
0.00013299
1.5449e-05
0.0003448
-0.00010966
0.00018481
5.661e-05
0.00015331
-6.858e-05
-2.287e-05
2.98e-06
4.637e-05
6.12e-05
-1.158e-05
4.18e-06
-0.00014082
7.24e-06
4.9071e-05
1.5684e-05
-3.296e-05
4.8162e-05
1.4075e-05
2.4696e-05
9.061e-06
-0.00013693
-1.968e-05
-5.83e-06
-1.7276e-05
-2.2002e-05
1.6695e-05
-1.523e-06
-9.37e-05
-0.00016002
-0.00011787
3.44e-05
0.00016414
-0.00016121
6.8e-06
-6.892e-05
1.59e-05
-4.829e-06
3.643e-05
9.4631e-05
2.99e-05
-5.4161e-05
-8.158e-06
7.89e-05
9.46e-05
5.881e-05
8.087e-05
2.2765e-05
-1.9983e-05
-1.3639e-05
4.862e-05
-1.4107e-05
0.00017442
1.7413e-05
2.601e-05
-0.0001358
3.926e-05
5.59e-05
-0.0002776
0.00030981
-0.00016116
-0.00027494
-0.00013192
-7.838e-05
-0.00011447
-0.00018246
3.166e-05
0.00029239
7.513e-05
-0.00015374
-3.6946e-05
-0.00012488
1.301e-05
6.348e-05
4.7649e-05
2.9286e-05
2.1467e-05
-6.14e-05
-4.938e-05
-0.00010147
-4.604e-05
2.6642e-05
5.539e-05
7.063e-06
5.414e-05
-2.449e-05
-5.9321e-05
-5.066e-05
-2.7868e-05
7.405e-05
0.0001822
5.7076e-05
-6.173e-05
6.051e-06
-5.384e-05
1.9108e-05
-5.461e-05
2.753e-05
-2.527e-05
7.132e-05
-2.1987e-05
-2.2459e-05
7.075e-05
-3.857e-05
3.2235e-05
2.38e-06
1.381e-05
1.2949e-05
0.00010708
4.366e-05
-1.692e-05
-2.73e-05
-3.58e-06
4.289e-05
-0.000211
7.297e-05
-2.5374e-05
3.993e-05
0.00018598
-0.0002899
-5.65e-05
-0.00016732
-9.7353e-05
7.354e-05
-1.005e-05
-4.769e-05
-0.0001403
0.00014512
-0.00016307
-2.064e-05
-3.614e-05
0.00010983
-2.628e-05
-5.64e-06
9.034e-05
3.914e-05
-1.9613e-05
8.536e-05
-2.1465e-05
1.919e-06
-2.438e-05
6.795e-05
-3.402e-05
-1.3488e-05
-1.3878e-05
1.0556e-05
-3.216e-05
-2.586e-05
-5.023e-05
0.0003199
-7.168e-05
-2.371e-05
4.165e-06
-2.9658e-05
1.7842e-05
-6.962e-05
3.9399e-05
-7.102e-05
1.5246e-06
4.2284e-05
-6.305e-06
2.796e-06
-1.4456e-05
6.4374e-05
-5.93e-06
-5.8409e-05
-2.9431e-05
4.089e-05
4.9023e-05
-4.965e-05
0.0001133
7.071e-05
-0.00012832
2.655e-06
3.69e-05
-0.00010084
3.8584e-05
0.00018634
-5.668e-05
4.52e-05
-6.854e-05
0.00028179
0.00011997
-1.274e-05
-1.7575e-05
2.322e-05
5.748e-05
-0.00031967
2.647e-05
6.977e-05
4.058e-05
2.771e-05
-3.287e-05
-6e-06
6.546e-05
-7.961e-06
-5.263e-05
-2.938e-05
-5.638e-05
-3.273e-06
5.951e-05
-1.67e-05
-4.0151e-05
-0.00010127
-7.087e-06
-4.4806e-05
5.468e-05
-0.00023206
7.302e-05
-0.00014169
-0.0002772
8.877e-06
-4.4331e-05
-1.349e-06
-2.23e-06
8.655e-06
-3.3637e-05
-3.595e-06
1.7225e-05
9.281e-06
-4.42e-05
-3.298e-05
2.2323e-05
6.475e-06
-9.279e-05
-3.961e-05
-6.3604e-05
-2.651e-06
-1.3658e-05
1.3109e-05
4.22e-06
0.00010678
-8.204e-05
5.177e-05
2.734e-05
-3.1031e-05
5.5455e-05
0.00021697
-0.00014385
-3.884e-05
-6.55e-06
2.414e-05
2.56e-05
2.1639e-05
1.786e-05
5.8627e-05
0.000113
-1.8145e-05
0.00012574
3.5757e-05
-8.613e-06
-6.626e-05
-1e-06
1.9012e-05
-1.907e-05
-6.615e-05
3.0499e-05
4.495e-05
2.97e-07
3.0158e-05
9.605e-06
1.7879e-05
-7.553e-05
-5.949e-05
2.097e-05
-1.075e-05
-7.49e-06
0.0001749
5.1603e-06
-3.551e-05
-3.01e-05
-4.471e-06
1.8132e-05
-0.00012325
-3.1288e-05
1.429e-05
1.0763e-05
-3.696e-05
-9.82e-06
6.813e-05
2.392e-05
1.909e-05
-2.2725e-05
1.588e-05
-1.87e-07
5.06e-05
0.00011697
0.0001543
5.173e-05
0.00015701
-7.8619e-05
5.672e-06
-3.5e-05
0.0004639
-9.877e-05
-0.00015234
0.00012025
-0.00022764
4.14e-06
-0.00019309
-1.234e-05
5.435e-05
8.91e-05
-3.538e-05
4.802e-05
-0.00017097
-6.562e-06
-3.05e-05
8.461e-05
7.231e-05
-9.2541e-05
-3.5555e-05
1.474e-05
-4.0556e-05
-9.9e-06
-0.00014063
-4.75e-05
0.00010171
3.584e-05
-2.3831e-05
1.423e-05
1.772e-05
-1.148e-05
-6.611e-05
7.478e-06
-0.00015511
9.52e-06
-6.886e-05
-0.0001484
-7.138e-05
-0.00019166
1.54e-05
5.4439e-05
1.3667e-05
-6.0282e-05
1.1093e-05
-4.404e-05
-8.595e-05
-9.64e-06
1.718e-05
2.386e-06
-7.39e-06
1.3786e-05
2.1805e-05
8.189e-05
-0.00014726
-0.00017374
4.789e-05
6.02e-05
0.00010268
9.034e-05
-5.3082e-05
4.81e-05
1.22e-05
-0.0001782
0.0001336
0.00019834
0.00016895
-2.1258e-05
-0.0001234
4.4e-05
-2.825e-05
3.499e-05
0.00013024
0.00015245
0.00018957
-0.00014189
3.0794e-05
3.646e-06
4.706e-05
7.112e-05
8.715e-05
0.00010599
1.2101e-05
-4.517e-05
-8.607e-05
4.5811e-05
-1.36e-06
-6.0754e-05
1.459e-05
-1.8142e-05
-1.702e-05
-8.069e-05
-3.01e-05
-6.2914e-05
-0.0002158
8.3508e-05
2.009e-05
3.514e-05
-0.00021323
2.639e-05
1.6427e-05
-5.974e-06
-0.00011394
-1.583e-05
5.5664e-05
1.9738e-05
-5.9685e-05
-5.6997e-06
1.6524e-05
1.8978e-05
3.311e-05
-3.583e-05
1.054e-05
9.563e-05
-0.00011931
-3.599e-05
-8.9e-07
4.574e-05
1.038e-05
5.575e-05
-5.312e-05
3.5111e-05
-0.0001567
-0.0001367
8.764e-05
4.1304e-05
0.0002208
-0.00024408
3.389e-05
9.255e-05
-0.00017463
4.192e-05
2.1009e-05
7.1053e-05
-5.86e-05
0.00012273
0.00011323
1.74e-06
1.096e-05
3.8181e-05
1.1655e-05
-5.659e-05
-5.218e-05
-4.856e-05
4.791e-06
7.144e-06
2.8278e-05
6.846e-05
-4.777e-05
1.6425e-05
-8.615e-05
0.0001086
0.00012507
-0.0002338
0.00013584
-1.0364e-05
2.0855e-05
-6.93e-05
3.969e-05
2.864e-05
2.4963e-05
-0.00011739
2.2528e-05
-1.1119e-05
7.384e-05
3.725e-05
6.674e-05
2.34e-05
1.21e-05
-5.371e-05
-6.8026e-05
-5.283e-05
8.464e-05
2.987e-05
-8.753e-05
9.84e-06
5.987e-05
1.5025e-05
8.786e-05
0.0001191
0.00012778
-0.0001215
-0.00031164
-4.985e-05
2.91e-05
0.00011857
0.00011373
-0.00017571
-5.1741e-05
-0.00029814
3.205e-05
-3.476e-05
0.00013308
-0.0001795
4.474e-05
-7.933e-05
-1.5067e-05
3.7409e-05
1.3728e-05
-5.147e-05
8.952e-06
-1.728e-05
-4.961e-06
2.2761e-05
4.281e-05
-1.578e-05
6.611e-06
-6.38e-05
4.665e-05
2.98e-06
5.6264e-05
3.303e-05
6.93e-05
0.00015567
-2.616e-05
-2.7383e-06
-0.00012281
2.0556e-05
9.7117e-05
7.001e-05
-0.00017512
3.6675e-05
-5.848e-05
1.312e-05
4.2363e-05
5.805e-05
0.00010564
0.00012227
5.488e-05
1.8176e-05
-9.168e-05
5.742e-06
1.074e-05
9.621e-05
-6.6039e-05
5.966e-05
-0.00011473
3.207e-05
1.5862e-05
0.00011489
7.37e-05
-0.0001662
0.00012022
7.88e-05
-0.00033606
-0.0001036
-2.793e-05
2.528e-05
-4.385e-05
4.512e-05
2.561e-05
3.878e-05
-0.0002362
-4.159e-05
-1.599e-05
-6.782e-06
7.795e-05
1.825e-05
0.00012193
-5.4e-07
-6.063e-05
-8.683e-05
-2.476e-05
3.9615e-05
7.689e-05
4.415e-05
-5.12e-06
2.485e-06
-2.265e-05
5.8589e-06
-5.527e-05
-0.0001416
-6.484e-05
-6.15e-06
8.7658e-06
-1.125e-05
-1.404e-06
-5.85e-06
4.104e-05
-0.00011865
-2.0923e-05
4.226e-05
6.067e-05
5.889e-05
-5.5038e-05
4.593e-05
1.9968e-05
0.0001401
-7.559e-05
8.199e-05
1.9446e-05
5.181e-05
-8.03e-06
-5.664e-05
-6.257e-05
-0.00012103
-6.588e-05
3.914e-05
1.9501e-05
0.0002718
-0.0004707
0.00027179
-0.0002638
0.0001864
-3.809e-05
7.851e-05
6.339e-05
4.898e-05
1.447e-05
-3.06e-05
2.1415e-05
-2.569e-05
0.00014057
8.266e-05
-2.4649e-05
9.44e-07
6.52e-06
-8.391e-05
-7.607e-05
-0.00010205
0.00012621
2.426e-05
-1.7537e-05
-2.765e-05
-3.7294e-05
-5.825e-05
-1.51e-05
1.233e-05
7.371e-05
5.593e-05
-0.0002734
-4.528e-06
-0.0001837
1.16e-05
4.92e-05
9.504e-06
-7.7265e-05
3.8247e-05
-5.185e-05
-8.282e-05
2.8144e-05
5.37e-05
5.489e-05
8.572e-05
2.523e-05
-5.6572e-05
-0.00020832
-0.00017151
-2.9514e-05
6.666e-05
8.671e-05
2.592e-05
-4.08e-05
3.779e-05
0.00020371
4.2781e-05
-9.756e-05
-2.196e-05
6.756e-05
-0.00027119
-0.0002261
0.000372
8.0506e-05
5.246e-05
-7.736e-06
6.659e-05
-2.04e-05
3.611e-05
-1.15e-05
4.208e-05
-0.00011042
-2.948e-05
8.239e-05
-2.4505e-05
-4.2157e-05
4.058e-05
-9.358e-05
-0.00011753
-3.646e-05
2.799e-05
5.866e-05
-6.882e-05
9.481e-05
1.418e-06
-8.34e-05
-7.81e-05
1.932e-05
4.385e-05
9.76e-05
0.00013477
9.82e-05
-0.00010876
-4.828e-05
6.526e-05
4.717e-05
-9.401e-05
-4.1492e-05
-2.1594e-05
3.2802e-05
1.7796e-05
3.183e-05
3.617e-05
6.52e-05
-0.00014648
-1.7886e-05
5.59e-05
6.083e-05
-2.6548e-05
5.354e-05
-6.175e-05
-5.656e-06
-0.00018702
5.386e-05
5.534e-05
2.307e-05
-0.00014124
0.00017672
2.4003e-05
7.029e-05
-0.0002109
-1.56e-05
-2.912e-05
4.27e-05
0.00025058
8.9658e-05
5.6125e-05
-8.1849e-05
-0.00024283
-1.959e-05
-4.931e-05
4.568e-05
0.00010627
2.7674e-05
-0.00013254
-7.8517e-05
2.4389e-05
8.072e-05
1.9591e-05
3.4095e-05
4.25e-05
-8.401e-06
-7.1593e-05
-2.2233e-05
4.6033e-06
5.0598e-05
5.772e-06
1.779e-05
2.478e-05
-0.00013758
-8.5322e-05
-2.212e-06
-1.4832e-05
8.655e-05
-1.9816e-05
-1.5285e-05
-1.669e-05
-0.00014558
-1.814e-06
-1.9028e-05
3.931e-05
1.429e-05
1.802e-05
-1.499e-05
-5.44e-05
-2.1764e-05
-4.4057e-05
0.00010737
1.872e-05
-1.469e-05
3.8244e-05
0.00012904
1.3722e-05
-7.178e-05
1.1947e-05
-0.00013479
-8.476e-05
0.00012665
0.0001705
0.00013371
0.00014964
0.0002294
-0.0001045
-0.00012987
-6.795e-05
5.2627e-05
0.00015019
0.00013122
-9.34e-05
-8.92e-06
1.665e-05
6.12e-06
-5.9414e-05
-6.317e-05
-5.503e-05
-2.851e-05
1.0354e-05
-4.5522e-05
-1.831e-05
-1.8016e-05
4.218e-05
-4.513e-05
-7.532e-05
5.655e-06
-3.3938e-05
3.05e-05
-8e-08
-5.2396e-05
-0.00018053
-5.543e-05
2.634e-05
-8.6592e-06
-3.39e-06
-5.1871e-05
-5.2653e-05
-1.765e-06
4.743e-05
3.081e-05
4.472e-05
6.007e-05
-2.7332e-05
-0.00013234
-4.1355e-05
0.00011809
-3.27e-06
5.349e-05
0.00013144
8.39e-07
-0.00018818
2.804e-05
5.855e-05
3.907e-05
0.00010202
8.31e-06
-8.879e-05
-0.00021145
0.00022207
0.0003526
-2.941e-05
5.683e-05
3.056e-05
8.93e-05
8.114e-06
-0.00012977
3.766e-05
-4.8422e-05
1.956e-05
5.255e-05
0.00010174
4.8376e-05
-5.85e-06
-0.00011185
5.035e-06
-6.103e-05
-2.936e-05
3.993e-05
7.067e-05
-6.721e-05
-6.295e-05
-3.3963e-05
1.4387e-05
-5.595e-05
-1.8262e-05
1.0553e-05
2.78e-06
-0.00014754
-5.565e-05
-0.00029743
-4.9624e-05
-8.209e-05
-1.485e-05
-5.8489e-05
-2.6398e-05
-3.6033e-05
1.3288e-05
-1.9085e-05
3.7277e-05
-3.73e-05
-2.5107e-05
-4.4725e-05
-1.5155e-05
1.146e-05
7.671e-06
1.824e-06
-2.8522e-05
-0.00016144
4.3922e-05
-8.438e-05
8.457e-05
-1.396e-05
-3.854e-05
3.771e-05
-4.4451e-05
0.0001024
9.122e-05
4.472e-05
-3.08e-05
5.95e-05
0.00020554
-0.00016854
1.61e-06
0.00018381
4.538e-05
5.074e-05
-2.793e-05
4.5289e-05
-2.2286e-05
-0.0002008
2.821e-05
-1.5084e-05
-9.44e-05
2.234e-05
-4.5e-06
1.6075e-05
6.721e-05
6.103e-05
-2.9326e-05
-4.5877e-05
-1.1627e-05
9.807e-06
-2.8833e-05
4.3821e-05
8.538e-05
1.9941e-05
-6.0403e-05
1.37e-05
-2.42e-05
-3.28e-05
-4.1486e-05
1.291e-05
4.977e-05
-1.885e-05
3.802e-05
-5.793e-05
6.406e-06
-2.725e-06
-7.0277e-05
5.331e-05
0.00012017
1.6728e-05
-0.00010327
-1.931e-05
2.6883e-05
-5.4073e-05
9.747e-05
-2.574e-05
1.102e-05
8.1688e-05
5.9433e-05
7.1302e-05
-0.00011274
-4.2082e-05
2.576e-05
-0.00012745
0.0004099
0.00017233
-0.0003245
-0.000269
6.64e-05
9.704e-05
2.602e-05
-8.9249e-05
0.00022239
3.615e-05
6.733e-05
-6.78e-05
6.19e-06
2.809e-05
-1.4362e-05
-7.086e-05
-1.79e-05
4.773e-05
5.0028e-05
-7.85e-07
-2.551e-05
-6.29e-06
1.033e-05
-9.8642e-06
-4.482e-05
-5.871e-05
-3.2873e-05
-3.2362e-05
-2.5062e-05
-4.2359e-05
-6.401e-05
-0.0001149
6.745e-05
-1.0629e-05
9.613e-06
-0.00017537
-8.196e-06
8.656e-06
-2.5737e-05
-2.109e-05
2.858e-05
1.375e-06
-3.884e-05
-8.11e-06
-4.13e-05
-1.1023e-05
3.292e-05
7.194e-05
7.952e-05
6.961e-05
9.027e-06
2.8111e-05
-8.395e-05
0.0001468
1.752e-05
-6.492e-05
-1.4976e-05
-8.454e-05
9.999e-05
-5.883e-05
0.00010015
5.969e-05
-0.00013382
-1.526e-05
9.5e-06
1.117e-05
-2.047e-05
-1.298e-05
5.75e-06
-5.87e-06
1.214e-05
0.00018947
4.85e-06
-3.054e-05
-2.603e-05
-9.9287e-05
6.28e-06
1.408e-05
3.951e-05
3.268e-05
-2.747e-05
2.9448e-05
-2.2304e-05
-2.8768e-05
-3.7722e-05
-3.16e-06
1.6308e-05
-2.2621e-06
-4.163e-05
-7.646e-05
-7.972e-05
3.262e-05
-5.43e-05
-1.9608e-05
-2.0524e-05
-3.0358e-05
0.00018466
-2.3141e-05
2.662e-05
2.6973e-06
-1.9187e-05
-2.5131e-05
6.2348e-05
-1.3479e-05
-0.00013311
8.66e-05
2.624e-06
-5.287e-05
-2.279e-05
2.423e-05
-0.0001191
-1.739e-06
-8.378e-05
-1.623e-05
3.386e-05
-1.8486e-05
3.49e-05
-0.00010745
5.062e-05
0.00010276
0.00026
2.346e-05
1.606e-06
-1.594e-05
7.035e-05
-1.84e-05
-4.784e-05
9.731e-05
-2.037e-05
-6.55e-07
-2.737e-05
-9.05e-06
2.8526e-05
-2.6692e-05
-2.3077e-05
3.36e-06
1.387e-05
-0.00011678
-4.11e-07
-2.594e-05
2.4471e-05
-3.496e-05
5.732e-05
-1.2974e-05
-2.1125e-05
-0.00011584
1.6511e-05
-3.8394e-05
5.818e-05
-9.161e-05
1.162e-05
2.8982e-05
-1.6696e-05
3.0497e-05
-2.1292e-05
-0.00011905
4.5561e-06
-2.7366e-05
-1.4967e-05
-3.48e-06
-2.091e-05
2.0287e-05
-4.1139e-05
-6.544e-05
-3.492e-05
5.759e-06
2.535e-06
0.00011836
0.00022341
-8.545e-05
-1.0352e-05
-2.8704e-05
0.00021298
-0.00013751
-7.761e-05
3.7859e-05
-0.00014336
-4.1e-05
7.187e-05
0.00017456
3.535e-05
-0.00020309
-4.131e-05
-2.642e-05
4.272e-05
-7.289e-05
4.1466e-05
8.364e-05
-0.00011627
-0.00012535
-5.71e-05
4.796e-05
0.00010685
-9.963e-06
-3.875e-05
-2.3928e-05
-1.9737e-05
-4.314e-05
-2.36e-06
8.049e-05
3.08e-05
-4.331e-05
1.896e-06
-0.00011009
-1.615e-06
3.2763e-05
-1.0368e-05
-9.2972e-05
0.00037147
-6.087e-05
-2.172e-05
-1.9455e-05
-2.477e-05
3.12e-05
3.5788e-05
-1.5975e-06
-5.604e-06
-1.6138e-05
-8.667e-05
-1.8665e-05
6.608e-05
2.436e-05
-2.7025e-05
2.047e-05
4.163e-05
-8.789e-06
-5.611e-05
-5.324e-05
4.28e-05
9.441e-05
9.8156e-05
8.249e-05
-4.6445e-05
1.1819e-05
0.00024866
-0.0001344
2.724e-05
0.0001778
9.303e-05
1.025e-05
-8.792e-05
3.329e-05
-4.579e-05
-5.9365e-05
-4.228e-05
5.52e-05
7.703e-05
-1.3389e-05
-0.00016294
-6.27e-06
6.323e-05
-7.3649e-05
2.7793e-05
-2.6265e-05
9.649e-06
-6.868e-05
-8.426e-05
4.3456e-05
3.027e-05
-7.778e-05
-7.124e-05
-3.1135e-05
2.2389e-05
7.281e-06
-1.956e-05
4.593e-05
4.8066e-05
-0.000227
4.286e-05
-2.796e-05
-4.01e-07
-3.2709e-05
-1.4839e-05
5.523e-06
4.854e-05
-3.467e-05
1.8108e-05
7.354e-06
3.437e-05
6.775e-06
-2.92e-05
-1.505e-05
0.0001122
-6.885e-06
-9.11e-07
-3.548e-05
5.651e-05
5.105e-05
0.00010197
-2.798e-05
-3.12e-06
3.219e-05
-2.276e-05
-3.3238e-05
-0.00013376
-0.00014312
0.00010887
-0.00010506
-3.191e-05
-0.00021116
-2.2617e-05
-2.6416e-05
8.14e-06
0.0002034
6.1903e-05
-4.08e-05
4.974e-05
-4.5158e-05
-4.0056e-05
1.5202e-05
-5.76e-05
0.00010529
0.00011086
-2.5501e-05
3.0307e-05
2.662e-05
1.747e-05
-4.73e-05
-6.765e-05
6.224e-05
-1.3878e-05
-1.8595e-05
3.929e-05
3.306e-05
-9.2e-07
-0.00012717
-5.5197e-05
0.00011681
-1.763e-05
-2.3798e-05
-3.859e-06
-5.005e-06
9.676e-05
-3.929e-06
1.735e-05
1.959e-06
-5.296e-05
-2.9013e-05
1.777e-05
-2.236e-05
3.828e-05
-1.7992e-05
-5.1225e-05
-4.058e-05
-0.00017242
4.624e-05
0.0001998
-5.053e-05
-2.927e-05
0.00015225
-0.00016373
-5.5269e-05
5.4e-06
-1.73e-05
0.0002863
-4.806e-05
0.0001698
-9.88e-05
-9.679e-05
-8.366e-05
6.103e-05
0.00015398
-1.6534e-05
-4.753e-05
-8.35e-06
-0.00012263
-0.00020744
-8.832e-05
5.969e-05
-4.848e-05
-3.752e-05
-1.8625e-05
-3.0003e-05
-2.709e-05
1.451e-05
1.577e-05
4.4159e-05
-7.236e-05
-1.721e-06
-7e-07
-2.686e-05
2.346e-05
-2.693e-06
7.133e-05
6.495e-05
7.429e-05
2.486e-05
3.6704e-05
-9.451e-06
-3.623e-06
-6.0587e-05
2.5e-07
2.4716e-05
1.209e-05
5.905e-06
2.8471e-05
3.9607e-05
-2.799e-05
-3.289e-05
4.874e-05
8.371e-05
-3.31e-06
-1.409e-06
-4.7455e-05
8.069e-05
-3.926e-05
-5.026e-05
-3.864e-05
-2.182e-06
1.2315e-05
-6.3e-07
0.00030967
-0.0001429
-5.989e-05
-0.00026474
-0.00016014
-6.283e-05
4.21e-06
-0.00012389
-7.92e-05
-1.578e-05
0.00023577
5.611e-05
8.325e-05
-1.47e-06
-2.32e-05
8.5e-07
-7.044e-05
-6.622e-05
2.8432e-05
7.224e-05
9.724e-05
5.192e-05
-5.988e-05
-4.756e-05
-8.763e-05
-2.927e-06
7.883e-05
5.894e-05
6.99e-06
1.07e-05
1.311e-06
-8.893e-05
-5.77e-06
7.746e-05
1.127e-05
-5.361e-05
3.9036e-05
-4.581e-05
-1.373e-06
-2.438e-05
5.007e-06
-6.434e-05
1.293e-06
2.4446e-05
-2.1093e-05
-8.06e-07
2.1178e-05
5.333e-05
1.222e-05
-1.609e-05
-3.8573e-05
-9.1443e-05
-3.359e-05
3.31e-06
0.00012727
6.323e-05
3.658e-05
-0.00011084
1.951e-05
-6.8188e-05
0.00014965
0.0005258
0.00012328
-0.00011264
0.00011515
7.145e-05
-0.00022152
-5.454e-05
6.0966e-05
0.000108
-0.00010676
1.663e-05
-4.684e-05
-5.451e-05
-5.203e-05
3.5947e-05
2.719e-05
-1.516e-05
-6.4956e-05
3.7354e-05
-5.827e-05
-1.3578e-05
1.136e-05
-1.2e-06
-3.827e-06
2.6684e-05
-2.1536e-05
-5.7e-06
5.03e-07
1.5424e-05
-6.764e-06
-6.704e-05
-0.0003752
4.503e-06
7.8172e-05
2.3464e-05
2.9503e-05
-2.433e-05
0.00015364
6.056e-05
-6.03e-05
-3.7557e-05
1.7855e-05
-2.8288e-05
-2.0785e-05
-0.000121
2.296e-05
4.79e-06
-4.139e-05
-7.253e-05
-6.761e-05
8.514e-05
-7.13e-05
-9.445e-05
-0.00029291
-1.738e-05
5.246e-05
-6.541e-05
-0.00012975
0.00024608
0.00016984
-0.00011796
-0.00037311
4.571e-05
-4.65e-05
-7.116e-05
7.175e-05
0.00010909
3.836e-06
-1.2113e-05
0.00014483
-1.417e-05
0.00010362
-1.5373e-05
-7.04e-06
1.372e-05
9.984e-05
-3.9782e-05
-8.282e-05
8.5808e-05
-5.467e-06
1.0808e-05
-6.017e-05
2.812e-05
8.376e-05
-1.3945e-05
-4.1336e-05
-3.062e-05
5.506e-05
-2.455e-05
8.975e-05
9.724e-05
4.4582e-05
1.9194e-05
5.5253e-06
-5.571e-05
-3.55e-05
-9.949e-05
-3.98e-06
-1.3847e-05
1.0537e-05
1.1807e-05
5.491e-05
-3.756e-05
7.51e-06
-4.92e-05
-5.356e-06
3.4235e-05
-3.5e-08
-4.066e-05
3.2e-07
-0.0001506
1.309e-05
2.66e-05
4.353e-05
5.169e-05
-7.534e-06
-0.00010307
3.354e-05
-8.0033e-05
0.00013502
-6.616e-05
-4.17e-05
-7.71e-05
-0.00018528
0.0001265
1.0003e-05
6.855e-05
0.00010284
-0.00023026
7.779e-05
-0.00014127
0.00013903
3.778e-05
3.9e-05
5.339e-05
4.0839e-05
4.622e-05
3.9038e-05
1.2908e-05
7.622e-05
-6.623e-05
-9.761e-05
-3.7443e-05
1.8564e-05
-7.8611e-06
9.659e-05
3.507e-05
-3.548e-05
6.971e-05
-2.236e-05
8.787e-05
-5.796e-05
8.234e-06
7.775e-05
3.177e-06
-2.311e-05
1.3305e-05
-2.384e-06
-9.2912e-06
-6.5152e-05
9.089e-05
3.2971e-05
-1.431e-06
1.2123e-05
-3.0457e-06
-4.7345e-05
-9.819e-05
0.00016307
0.0001952
-0.00010246
-3.6445e-05
6.873e-06
2.2226e-05
-0.00021661
-6.3486e-05
0.0001406
0.00020826
-0.00012551
2.27e-06
8.7006e-05
0.000102
-0.0001171
0.00039409
2.79e-05
-2.9549e-05
-6.063e-05
-1.1206e-05
1.1405e-05
-4.007e-05
-0.00030921
-7.345e-06
-8.94e-06
-3.675e-05
-2.32e-05
-1.696e-06
2.0685e-05
-7.59e-05
-0.00018878
3.9151e-05
-2.866e-05
-5.207e-05
3.0804e-05
2.4413e-05
-1.3017e-05
-0.00014706
2.6305e-05
2.9926e-05
7.1985e-05
-3.613e-05
5.003e-05
-4.039e-05
8.99e-07
-3.64e-07
-1.061e-05
-2.837e-05
6.824e-06
2.2608e-05
4.14e-05
-3.8968e-05
9.547e-05
4.885e-05
6.518e-05
3.1579e-05
6.681e-05
9.742e-06
-4.653e-05
-7.06e-05
0.00012252
2.343e-05
5.961e-05
-7.311e-05
-9.122e-05
-0.0001732
0.00017477
-0.0003297
0.00012142
-7.8469e-05
8.496e-05
-0.0003501
-6.061e-05
-7.26e-05
0.00010416
-0.00022018
8.03e-06
-7.1e-07
4.85e-06
-0.00011737
-1.6143e-05
5.4926e-05
-3.479e-05
3.809e-05
3.397e-06
5.546e-05
5.683e-05
7.03e-05
-5.412e-05
-4.67e-05
5.4638e-05
2.0298e-05
1.1457e-05
-1.7601e-05
6.436e-05
6.153e-05
-1.5531e-05
8.895e-06
3.084e-05
0.00019879
5.706e-06
0.00014375
1.2357e-05
2.3252e-05
0.00012238
-2.0791e-05
-7.978e-05
2.0615e-05
8.926e-05
-1.1612e-05
5.2397e-05
3.839e-05
8.648e-06
-5.428e-05
-2.87e-05
-7.32e-06
2.0072e-05
9.399e-05
-5.82e-05
-6.099e-05
-0.00011959
-1.71e-05
-0.00010802
6.263e-05
0.00021107
-0.00013084
-2.177e-05
-6.509e-05
-0.00024296
-0.00022565
-6.81e-05
0.00022313
6.02e-05
2.29e-05
4.05e-05
-2.161e-05
-0.00010698
-0.0001335
9.719e-05
2.3551e-05
-0.00012791
0.00015714
-4.7866e-05
-7.148e-05
-8.079e-05
-3.289e-05
-3.713e-05
8.0844e-05
5.2326e-05
7.661e-06
1.8007e-05
-2.056e-05
-2.2813e-05
-1.599e-05
1.669e-05
3.3906e-05
3.0957e-05
-7.05e-06
-5.448e-05
0.00022882
-6.8268e-05
-1.1797e-06
1.5154e-05
3.173e-05
1.0802e-05
-7.267e-05
-2.2366e-05
5.104e-05
5.089e-06
-0.00010378
7.3212e-05
9.471e-05
-5.24e-06
-3.1551e-05
-4.348e-06
7.162e-05
3.713e-05
-0.0001722
3.28e-05
-7.92e-06
5.201e-05
9.227e-05
9.417e-05
1.9e-06
0.00010789
-0.0001374
-0.00022936
0.00010782
0.00010813
7.01e-05
-0.00010455
2.19e-05
0.00014423
1.43e-06
4.0562e-05
-7.3003e-05
3.851e-05
1.46e-05
3.4565e-05
4.1087e-06
-5.814e-05
-3.2229e-05
-1.2522e-05
-2.5357e-05
-4.6e-06
-6.492e-05
-4.739e-05
5.324e-06
1.349e-06
-1.812e-06
5.45e-05
1.372e-06
2.079e-05
-8.862e-05
-7.5261e-05
1.6767e-05
7e-07
0.00011095
-0.00023377
-8.2635e-05
-1.6679e-05
-6.9123e-06
1.117e-05
5.56e-07
-7.654e-06
-7.114e-06
7.1534e-05
3.834e-05
1.91e-05
3.678e-05
1.5076e-05
1.6053e-05
-5.87e-05
8.089e-06
9.0747e-05
7.179e-05
0.0001385
7.193e-05
1.9569e-05
-4.4961e-05
-9.304e-05
6.144e-05
0.00022897
6.1856e-05
0.0003077
-1.437e-05
-4.6367e-05
-6.0359e-05
-0.00012914
-0.0001099
6.028e-05
-0.00026661
2.865e-05
2.2257e-05
-7.034e-05
-3.3139e-05
-8.091e-05
-2.6202e-05
-0.0001744
8.331e-05
1.102e-06
-5.9685e-06
-4.509e-05
-3.444e-05
-8.258e-05
-8.44e-06
-4.6424e-05
8.583e-06
2.0262e-05
7.681e-05
-1.1044e-05
-4.6e-06
4.7202e-05
-2.2328e-05
-4.327e-05
1.6836e-05
-9.556e-05
-1.4565e-05
0.00010028
6.3144e-05
-1.5965e-05
5.429e-05
-8.528e-06
-0.0001512
-2.0123e-05
2.1449e-05
1.8023e-05
-8.3851e-06
5.3454e-05
3.2464e-06
-4.4845e-05
-9.282e-05
-4.424e-05
3.952e-05
-2.2795e-05
-6.976e-06
1.842e-05
2.257e-05
-4.0974e-05
-0.00011318
3.629e-05
3.057e-05
-2.545e-05
0.00022587
-0.000282
-3.5419e-05
-3.7971e-05
0.00011603
-0.00013883
0.0001148
-6.2494e-05
-9.306e-05
-2.131e-05
-0.00014132
4.19e-07
-4.0907e-05
0.00016761
-3.0444e-05
-1.107e-05
4.3508e-05
1.47e-06
-6.93e-06
1.62e-06
-1.0457e-05
-8.535e-06
-9.669e-05
2.4327e-05
3.026e-05
-7.372e-05
-1.2668e-05
4.3039e-05
3.2555e-05
2.0615e-05
5.6056e-05
3.774e-05
6.6361e-05
0.00014651
-0.00010687
-4.114e-05
1.9993e-05
3.973e-05
-3.6498e-05
-3.98e-05
8.9085e-06
6.459e-05
-2.2784e-05
-3.3828e-05
5.8856e-05
-2.813e-06
-4.922e-06
-6.239e-06
6.361e-05
2.8815e-05
-0.00011484
5.648e-05
-3.381e-05
0.00013429
-7.623e-05
9.469e-05
9.907e-05
-0.00010066
-2.3666e-05
-0.0001395
0.00013396
0.0002233
0.0001734
-5.135e-05
-0.00024794
3.854e-05
-0.00013584
-4.2937e-05
-2.7866e-05
0.00017038
2.7317e-05
-7.7253e-05
-3.1896e-05
-4.5878e-05
-9.636e-05
7.53e-07
5.7173e-05
1.466e-05
6.18e-05
-2.5566e-05
-7.6812e-05
-4.4843e-05
6.3409e-06
2.1453e-05
-5.941e-05
-2.62e-07
-5.939e-06
2.5348e-05
-5.883e-05
6.853e-05
-1.708e-05
-4.6302e-05
7.4777e-05
6.5511e-05
5.642e-05
-1.4871e-06
4.8523e-05
-1.6336e-05
-1.923e-05
6.495e-06
2.4481e-05
2.8189e-05
-5.3343e-05
1.3805e-05
-3.439e-05
-5.253e-05
1.0994e-05
3.7608e-05
-2.629e-06
-1.1e-07
-0.00014488
-5.933e-05
7.529e-05
1.8993e-05
6.4424e-05
3.529e-05
-1.58e-05
-1.649e-05
0.00010691
4.1676e-05
2.457e-05
-7.266e-05
-0.00014154
-0.00014364
6.036e-05
-7.4403e-05
0.00010616
-3.14e-05
6.792e-05
-3.473e-05
0.0001123
-8.918e-05
-0.00013774
6.932e-05
7.909e-06
5.8144e-05
2.9756e-05
4.6515e-05
-4.004e-06
1.901e-05
-0.00011577
-2.042e-05
2.953e-06
-8.023e-05
-4.59e-05
1.5605e-05
4.948e-05
-7.203e-05
-5.0003e-05
1.4024e-05
1.623e-05
8.6128e-05
-0.00011427
7.147e-06
1.0247e-05
3.945e-06
9.479e-06
-3.826e-05
-2.399e-05
-7.872e-05
-5.212e-06
3.586e-05
-5.73e-06
-4.7091e-05
3.5738e-05
-3.521e-06
-9.31e-06
-7.508e-05
-1.017e-05
0.00012187
-6.1169e-05
-6.7719e-05
8.065e-05
-4.112e-05
3.8544e-05
-7.553e-05
0.00013928
-0.00026785
-6.5254e-05
-6.6171e-05
-5.868e-05
0.00012233
0.00026621
-4.52e-05
6.668e-05
-5.1127e-05
1.637e-05
-1.587e-05
-6.377e-05
4.099e-05
9.918e-05
2.565e-05
7.926e-05
1.5962e-05
5.02e-05
0.00012133
1.09e-06
-9.896e-05
1.1122e-05
4.765e-05
6.32e-06
5.4013e-05
2.134e-05
2.045e-05
-3.859e-05
3.19e-06
1.25e-05
-5.508e-05
-7.1007e-05
-2.234e-05
-9.713e-05
3.813e-05
-3.6e-06
2.6395e-05
2.772e-05
-1.846e-06
2.22e-07
1.8176e-05
0.00010823
1.9649e-05
-2.7037e-05
4.195e-05
-1.686e-05
-3.274e-05
-5.196e-06
1.5361e-05
3.31e-07
-5.8431e-05
-0.00012553
7.86e-07
-0.00011491
0.00019818
-0.00013143
-9.274e-05
-8.3095e-05
7.195e-05
-0.00017662
-5.945e-05
-0.00018495
-8.082e-05
-9.742e-05
-6.9606e-05
0.00024521
9.718e-05
-1.579e-05
-6.758e-05
-0.00016985
-3.98e-06
-2.4591e-05
-9.152e-06
-0.00017172
-4.656e-05
-3.837e-05
3.0363e-05
1.631e-05
3.878e-06
2.4352e-05
-1.8599e-06
-8.289e-06
-2.8415e-05
-1.2915e-05
1.5392e-05
1.6675e-05
-3.4937e-05
2.2318e-05
1.034e-05
3.337e-05
6.8e-05
0.00031928
0.0004173
-0.00018799
-3.68e-05
-1.3314e-05
-4.179e-05
-4.768e-06
2.6081e-05
4.1654e-05
-2.2098e-05
4.94e-06
-3.0214e-05
-8.29e-06
-7.294e-05
3.0397e-05
0.00010917
3.108e-05
-3.8836e-05
5.507e-05
9.631e-06
-4.493e-05
-3.544e-05
0.00015523
5.68e-06
-3.7945e-05
-0.00014383
-3.4e-06
0.00021363
-4.24e-05
-0.000135
1.46e-06
-0.00018632
-2.7257e-05
1.321e-05
0.0001577
4.1004e-05
2.124e-05
0.00027249
-4.0129e-05
-0.00010696
-7.96e-06
-1.1197e-05
0.00024248
5.6917e-05
1.4327e-05
2.479e-05
4.5669e-05
-6.7715e-05
1.455e-05
2.521e-06
-5.568e-05
-1.6664e-05
1.8546e-05
9.5573e-06
1.8373e-05
1.878e-05
2.309e-05
-4.039e-05
4.501e-05
-3.5374e-05
-0.0003378
2.8196e-05
2.629e-05
2.0432e-05
3.4056e-05
-8.467e-06
-6.824e-06
-1.1176e-05
2.9021e-05
-1.54e-05
-4.443e-05
2.4671e-05
-1.958e-05
1.6686e-05
-3.824e-05
-3.878e-05
5.645e-05
5.799e-05
-0.00010406
-1.603e-05
-0.00017461
-6.061e-05
-0.00015313
1.6433e-05
0.0002811
0.00012553
-0.00011941
-0.00015383
-7.122e-05
6.358e-05
-0.00018506
-0.000164
0.00020624
5.997e-05
2.392e-05
-0.00014067
3.681e-05
3.6847e-05
-9.171e-05
0.00015968
0.00015918
-0.00011635
2.389e-05
4.9411e-05
-4.568e-05
2.7988e-05
6.563e-05
6.459e-05
2.293e-05
-7.668e-05
3.239e-05
-9.6146e-06
5.1259e-05
-1.4322e-05
-7.9e-07
-8.9025e-05
-2.2873e-05
-5.903e-05
3.15e-05
0.00010975
-4.102e-05
-7.09e-06
-1.0249e-05
-2.0346e-05
8.1135e-06
1.811e-05
-1.448e-05
-8.905e-05
-4.5527e-05
1.0045e-05
-1.3552e-05
1.7035e-05
-2.1272e-05
-4.2934e-05
-4.0903e-05
4.012e-05
-4.7705e-05
-1.114e-05
1.5875e-05
-1.6054e-05
2.522e-05
-2.9618e-05
1.3676e-05
-4.906e-05
-4.0065e-05
0.00021434
-6.792e-05
-0.00015637
0.0002727
3.595e-05
-0.00014953
0.00010601
0.0001727
9.348e-05
2.3063e-05
0.00010405
4.77e-05
-2.632e-05
9.901e-06
0.00011798
5.581e-05
9.87e-06
-5.22e-06
-5.463e-05
-5.122e-05
-3.649e-05
-7.46e-05
-8.859e-05
4.934e-05
3.898e-06
-8.55e-05
-8.58e-07
3.6394e-05
-3.8084e-05
-7.168e-05
-1.4286e-05
-1.1063e-05
-2.575e-05
-0.00011229
-6.576e-05
1.2277e-05
-2.9403e-05
4.168e-05
-3.768e-05
-0.0001902
-5.878e-06
9.091e-05
-2.795e-05
3.2053e-05
7.871e-06
-1.912e-05
-6.075e-05
-5.4e-05
1.1839e-05
-4.4941e-05
4.47e-05
-0.00012948
2.259e-05
0.00020521
1.0594e-05
6.7598e-05
-9.164e-05
-4.5875e-05
-1.0997e-05
4.3393e-05
-0.00011494
0.00012984
7.906e-05
-0.00013123
-0.00012145
4.572e-05
0.0001617
8.856e-05
6.291e-05
0.00011117
-4.209e-05
-2.277e-05
4.557e-05
0.00023189
-5.0797e-05
1.708e-05
-7.469e-05
-1.01e-07
4.52e-05
5.746e-06
9.664e-05
8.449e-05
6.174e-05
-3.8261e-05
-0.00014667
2.6449e-05
-7.521e-05
1.4701e-05
2.0676e-05
8.9e-06
-3.1438e-05
-0.00045049
7.579e-05
3.3928e-05
5.607e-05
1.4145e-05
7.859e-05
-8.814e-06
-0.00010248
-2.4411e-05
-2.5298e-05
1.3194e-05
2.6236e-05
7.1201e-05
2.75e-07
-8.021e-05
1.6528e-05
3.742e-06
1.0986e-05
8.465e-05
0.0002579
-0.00018326
-5.0012e-05
3.003e-05
9.273e-05
2.54e-05
0.00012012
-6.8906e-05
-0.00017507
-0.00017225
-0.00016036
-4.3712e-06
-0.0001894
-2.752e-05
-7.252e-05
-0.00017335
-2.2508e-05
7.233e-05
-1.0014e-05
2.8246e-05
6.074e-05
2.4504e-05
4.2825e-05
0.00016832
2.1107e-05
-1.8998e-05
6.317e-05
2.1557e-05
3.0068e-05
-6.825e-06
-2.39e-05
-1.98e-06
7.875e-06
7.803e-06
-1.2104e-05
-1.3175e-05
0.00010069
2.77e-05
3.3845e-06
-9.845e-06
-3.137e-05
-5.6388e-05
0.00011236
5.5061e-05
1.2494e-05
5.362e-05
4.13e-05
5.842e-05
1.3671e-05
-5.284e-05
-4.917e-06
6.824e-06
1.7403e-05
0.00010388
-6.408e-06
6.015e-05
1.5955e-05
-9.931e-05
3.305e-06
3.393e-05
-2.452e-05
2.398e-05
5.061e-05
4.999e-05
-3.949e-05
-0.00013748
-3.778e-05
-0.00015569
-0.00016436
-4.4001e-05
5.359e-05
0.00014501
-8.037e-05
-0.00016307
-0.00030258
3.5046e-05
8.299e-05
6.403e-05
8.3e-06
-0.00023168
-9.565e-05
-9.125e-05
7.0776e-05
-7.09e-06
0.00016263
0.00015514
-1.847e-05
-0.00011138
-3.0251e-05
-2.85e-05
2.9798e-05
-2.0262e-05
-3.3193e-05
-1.2429e-05
1.6316e-05
2.9108e-05
-6.9299e-06
1.2996e-05
1.7073e-05
8.059e-05
0.00021431
-7.704e-05
-1.99e-07
-1.7123e-05
-0.00020466
1.488e-05
-8.434e-06
2.5236e-05
-0.00011782
1.4265e-05
-2.5275e-05
-6.2978e-05
4.114e-05
-1.891e-05
-6.829e-06
6.502e-05
1.497e-05
-7.378e-06
1.652e-05
6.158e-05
-0.00017264
-1.29e-05
0.0002918
2.58e-06
1.155e-05
0.0002074
0.00010449
3.8463e-05
-6.359e-05
1.85e-05
8.771e-05
-0.0001171
1.67e-05
-0.0001066
2.612e-05
-5.188e-05
-5.76e-05
0.00013276
-0.00011322
-8.397e-05
1.902e-05
-5.4366e-05
-3.461e-05
1.2346e-05
4.2255e-05
3.9203e-05
-2.5093e-05
-3.2167e-05
-1.2007e-05
3.632e-05
3.7158e-05
-1.9258e-05
-3.14e-05
7.61e-05
3.5324e-05
2.6189e-05
3.926e-06
-1.009e-05
1.7737e-05
-0.00010144
0.00016144
-1.3071e-05
3.1593e-05
6.92e-06
2.5647e-05
4.74e-05
4.737e-05
-0.00012605
-1.9314e-05
-1.8154e-05
3.3645e-05
-1.866e-05
-1.1438e-05
9.559e-05
3.511e-05
-9.5548e-05
2.266e-05
-5.81e-06
-3.4867e-05
0.00020407
0.00010044
-1.88e-06
-3.872e-05
-0.00018883
-2.316e-05
-0.00010285
0.00016589
-4.095e-05
-7.377e-05
9.132e-05
-0.00014353
-7.896e-05
-3.8486e-05
6.9321e-05
0.00014272
2.47e-06
-1.2313e-05
-9.7496e-05
-0.00011635
-8.91e-05
5.278e-05
-1.8315e-05
-2.1504e-05
6.739e-05
-9.7675e-05
-0.00014594
-9.9909e-06
-1.6271e-05
3.651e-05
-1.22e-07
3.408e-05
2.5586e-05
-6.421e-05
-3.699e-05
-1.3809e-05
-1.6424e-05
6.567e-05
3.0428e-05
0.00012529
-8.534e-05
6.718e-05
4.7607e-06
-1.188e-05
-3.1299e-05
-6.209e-05
-1.7881e-05
7.496e-06
2.0588e-05
8.058e-05
-5.038e-05
-1.0354e-05
-6.102e-05
6.133e-06
1.7575e-05
4.407e-05
-3.0661e-05
-8.886e-05
-4.298e-05
-5.4396e-05
-5.1395e-05
-0.00010467
2.314e-05
-0.00016669
-8.969e-05
-0.00023471
-4.668e-05
-1.9825e-05
-7.2528e-05
0.00012851
0.00019503
-2.35e-06
-7.971e-05
0.00011868
1.0612e-05
9.87e-05
-6.8914e-05
0.00023223
9.7124e-05
-0.00011995
-1.7987e-05
-1.8151e-05
-4.8171e-05
1.3699e-05
4.724e-05
1.795e-05
1.575e-05
5.602e-05
4.3142e-05
-6.4893e-06
2.954e-06
-2.3657e-05
4.0176e-06
-6.499e-05
-5.4243e-05
1.5484e-05
-9.309e-06
0.0002681
0.0001013
1.729e-05
-0.00017418
4.4773e-06
8.187e-05
9.52e-07
-0.00014466
-3.27e-06
-9.428e-06
2.0813e-05
-2.3832e-05
9.7908e-06
-9.0549e-06
3.76e-06
4.0854e-05
-4.5755e-05
5.2861e-05
-9.982e-05
-7.3447e-05
7.12e-06
0.00014128
-1.444e-05
-4.175e-05
-6.9834e-05
-2.183e-05
1.98e-06
-7.961e-05
-7.915e-05
0.00020727
0.00015334
0.00015371
0.00016864
0.000318
-0.00020745
0.00023467
0.00010038
5.198e-05
-8.0204e-05
4.334e-05
3.6237e-05
-0.00024123
-5.441e-05
-5.4297e-06
-2.0264e-05
-7.211e-05
-6.6495e-05
-8.7362e-06
9.572e-06
2.7289e-05
2.0689e-05
4.365e-05
-5.652e-05
-6.395e-05
2.584e-06
1.731e-06
-8.135e-05
0.00010193
7.605e-05
-0.00015373
-0.00024137
-0.00010086
-7.077e-05
1.3371e-05
3.2086e-05
-4.3322e-05
1.5089e-05
2.1781e-05
-1.8008e-05
-8.8e-05
-2.8012e-05
2.165e-05
-1.311e-06
7.677e-06
7.303e-05
-5.2676e-05
-4.419e-05
1.1168e-06
-2.856e-05
3.279e-06
9.825e-05
-4.702e-06
0.00015612
1.596e-05
-8.2764e-05
-2.419e-05
0.00017982
2.159e-05
-0.00019005
4.89e-06
-0.00029778
0.00013238
-0.00014952
0.00010117
-0.00017253
2.4368e-05
1.588e-05
6.2983e-05
3.082e-05
4.093e-05
0.00013813
-5.402e-05
3.1827e-05
2.9301e-05
1.417e-06
2.899e-05
3.394e-05
4.787e-05
-1.1101e-05
3.2109e-06
2.0942e-05
4.83e-06
4.941e-05
-2.1031e-05
-3.7766e-05
2.9878e-05
-1.2834e-05
-2.6516e-05
6.201e-05
-0.00010468
0.00017013
-4.9927e-06
2.6358e-05
-2.0137e-05
1.2519e-05
1.3203e-05
-8.1539e-06
-0.00011384
-3.43e-05
-3.876e-06
0.00010073
2.56e-05
-4.94e-06
1.561e-05
-5.4246e-05
-0.0001309
-9.294e-05
-0.00011313
2.1615e-05
-0.00012138
-1.6214e-05
-0.00016301
4.9862e-05
-0.000104
1.9812e-05
-0.00012489
7.383e-05
-0.00014774
3.0236e-05
0.00026866
-0.00024578
-0.00023788
0.00021902
0.0002205
7.559e-06
-1.7212e-05
-6.053e-05
3.781e-05
-6.334e-05
-2.7253e-05
0.00014622
4.327e-05
-9.805e-06
-2.78e-07
8.4543e-06
-5.76e-05
-7.431e-05
2.92e-05
7.62e-06
2.994e-05
2.6585e-05
3.514e-06
-1.8058e-05
-2.5729e-05
-6.953e-06
0.00010171
5.753e-06
6.6027e-05
0.0002128
0.00020342
-2.8512e-05
3.0922e-05
-1.641e-05
5.785e-05
-2.966e-06
-1.5411e-05
8.569e-05
-5.97e-05
-6.829e-05
-5.984e-05
-1.2324e-05
-6.5132e-06
3.0926e-06
3.515e-06
-2.8921e-05
4.466e-06
-1.473e-05
1.4942e-05
-7.3675e-05
3.0545e-05
-4.911e-05
-5.5708e-05
0.00012668
0.00013266
0.00020489
-0.00014241
-0.00015903
0.00016849
-8.6115e-05
8.183e-05
-0.00013379
-0.00033752
3.1564e-05
-0.00010663
-5.0516e-05
2.4087e-05
7.968e-05
-4.039e-06
7.641e-05
-0.00016221
-5.7896e-05
-4.922e-05
2.0145e-05
3.538e-05
2.715e-06
4.361e-05
-3.191e-05
-9.487e-05
-4.8892e-06
7.4956e-06
1.4544e-05
1.9237e-05
7.136e-05
1.1005e-05
-3.2575e-05
-2.0945e-05
9.284e-05
0.00017841
-2.9832e-05
-5.699e-05
1.4967e-05
5.284e-05
-1.0805e-05
6.7394e-05
-1.7947e-05
-2.6157e-05
5.672e-06
-1.4005e-05
3.0126e-05
4.252e-05
9.642e-06
4.489e-05
1.6194e-05
2.937e-05
-7.0951e-05
1.616e-05
6.123e-05
1.12e-05
-9.4868e-05
0.00024804
2.053e-05
0.00010941
3.283e-05
3.429e-05
5.463e-05
-0.00021888
3.324e-05
0.00013721
4.981e-05
8.729e-05
5.456e-05
-6.344e-05
-7.1379e-05
-0.00015209
9.785e-05
-9.0382e-05
5.571e-05
-0.0001611
1.1015e-05
-1.7407e-05
-2.1281e-05
4.411e-05
-5.9932e-05
-0.00011373
3.706e-06
-9.266e-06
-2.0641e-05
-2.4046e-06
3.1444e-05
3.1352e-05
-4.5986e-05
-1.4961e-05
2.1518e-05
-7.623e-05
3.6202e-05
-0.00010547
-0.00013995
3.8147e-05
-7.409e-05
4.166e-06
0.0001123
-1.2144e-05
-4.319e-05
4.528e-06
0.00012694
3.3166e-05
-3.539e-05
8.345e-05
-2.9599e-05
-6.572e-05
-4.2816e-05
-8.986e-06
-4.346e-05
-2.6508e-05
-8.19e-06
-6.14e-07
-0.0001668
-4.1289e-05
-9.701e-05
6.953e-05
2.9269e-05
5.598e-05
9.754e-05
-0.00013553
-0.00017225
-6.265e-05
5.396e-05
4.69e-05
4.91e-05
6.678e-05
1.735e-05
-3.2648e-05
-4.805e-05
1.5555e-05
0.00011084
5.6004e-05
-0.00022892
5.102e-06
-6.707e-06
-4.1885e-05
-4.5497e-05
1.1944e-05
-3.56e-05
-7.192e-05
2.2301e-05
5.019e-05
-4.9523e-05
-5.928e-06
1.7597e-05
1.9858e-05
-2.7757e-05
-6.62e-05
8.665e-05
4.0212e-05
0.00015407
0.00013817
0.00014145
1.2833e-05
-2.7369e-05
-0.00012673
-1.2621e-05
-2.867e-06
4.8115e-05
-4.302e-05
1.1545e-05
-0.00011926
-7.493e-05
-3.0038e-05
-5.9236e-05
1.358e-06
-6.6759e-06
1.82e-07
-0.00010815
8.89e-06
7.463e-05
5.894e-05
-1.6856e-05
7.007e-05
5.399e-06
-0.00012501
-6.586e-05
0.00017676
-0.00015842
0.0001798
-0.0001582
0.00020451
3.871e-05
1.51e-06
1.88e-05
3.833e-05
3.557e-05
-2.633e-05
-3.3648e-05
0.00012569
-0.00019666
4.5e-05
-1.3647e-05
-3.4408e-05
6.806e-06
2.228e-06
2.7886e-05
-4.7033e-05
-0.00011242
2.632e-05
1.5056e-05
-1.5286e-05
5.6006e-05
6.936e-05
2.9149e-05
-2.0316e-05
-1.8075e-05
-6.705e-06
-4.5868e-05
8.107e-05
-1.557e-05
-7.279e-05
3.79e-06
-1.9628e-05
-2.9429e-05
2.5008e-05
-0.00018599
-7.24e-06
0.00010258
-1.672e-07
-8.522e-05
-2.495e-05
-6.3466e-06
-5.3643e-05
-0.000118
-1.5585e-05
5.257e-05
-2.849e-05
0.00017523
0.00011525
-3.378e-05
-3.6453e-05
-0.00012279
-2.8645e-05
-7.8007e-05
-0.00013064
0.00017201
-0.0002478
-5.523e-05
-9.27e-05
7.86e-05
8.1405e-06
0.00018288
9.067e-05
0.00018723
-0.00013362
9.418e-05
-9.4944e-05
0.00021332
-0.00011167
9.5173e-05
0.00013576
2.2382e-05
-3.713e-05
-4.2386e-05
-6.251e-06
-1.8898e-05
-2.4969e-05
-2.072e-06
8.358e-05
-9.015e-06
-5.859e-05
-7.085e-05
-2.5366e-05
5.074e-05
-2.328e-05
0.00016076
2.6059e-05
-0.00023189
0.00017927
