8.51e-07
4.01e-06
1.03e-06
-1.46e-06
-1.401e-07
3.3e-06
4.56e-07
-2e-06
3.74e-07
4.85e-07
2.36e-06
-5.67e-07
-8.46e-07
-3.83e-07
9.4e-08
-2.18e-07
-1.246e-06
2.8e-06
4.778e-06
-5.24e-06
-1.14e-06
1.6e-07
-9.77e-07
-4.229e-06
-5.43e-07
1.161e-05
-2.75e-06
6.27e-07
-5.14e-06
-4.6e-07
-4.17e-06
-7.16e-06
-1.512e-06
1.75e-06
2.1e-08
-6.46e-06
2e-08
-2.3e-07
-7.8e-07
-3.77e-06
3.52e-06
1.118e-06
-1.38e-06
-7e-08
-1.48e-06
-1.119e-06
2.01e-06
-1.66e-07
1.67e-06
5.68e-08
-3.31e-06
-1.088e-06
-1.088e-06
1.4e-08
3.1e-06
1.08e-06
-1.16e-07
7.31e-06
3.49e-06
1.54e-06
-2.081e-06
-1.02e-07
-1.17e-06
-2.05e-07
1.96e-06
6.67e-07
-3.29e-06
1.161e-07
-1.661e-06
-6.2e-07
9.42e-07
2.58e-07
4.02e-07
6.06e-08
1.66e-07
-1.033e-06
7.4e-07
3.39e-06
6.04e-06
1.55e-07
2.96e-06
2.1e-07
-1.208e-06
1.578e-06
9.26e-06
-7.9579e-06
2.83e-06
9e-08
3.83e-06
-4.99e-06
-4.38e-06
3.911e-06
6.86e-06
3.01e-06
-5.28e-06
2.168e-06
1.57e-06
-4.5e-07
-1.56e-06
9.16e-07
5.06e-07
-3.13e-07
-8.41e-07
-7.2e-07
-3.41e-07
5.3e-08
4.15e-07
5.52e-07
-9.37e-07
-8.7e-07
-1.23e-07
-7.56e-07
-2.89e-07
-2.7393e-06
1.9e-08
-2.36e-06
-7.73e-06
-6.34e-06
-4.33e-06
-1.433e-06
1.86e-07
-3.9e-07
-5.05e-07
-2.5e-07
5.8e-07
-1.67e-06
-8.96e-07
8.2e-07
-2.73e-06
1.423e-06
-1.48e-07
-2.725e-07
-1.499e-06
-1.93e-06
-7.151e-07
2.219e-06
-5.12e-06
8.34e-06
6.5e-07
-4.04e-06
-5.38e-07
4.5e-07
-1.75e-06
-6.51e-06
-1.017e-05
7.08e-06
7e-07
-1.51e-06
1.53e-06
1.73e-06
-1.86e-06
-1.21e-06
8.38e-06
3.13e-06
-3.34e-06
4.14e-06
3.18e-07
2.517e-06
4.99e-07
1.661e-06
2.3e-08
3.09e-07
-4.38e-07
-1.82e-06
-8e-08
1.25e-06
-1.01e-06
3.91e-07
3.4e-07
3.74e-07
-6e-07
6.62e-07
-4.36e-07
4.88e-07
-1.63e-06
4.28e-06
1.2e-06
-6.61e-06
-1.016e-06
-4.84e-07
-3.92e-06
3.44e-07
-3.1e-07
4.26e-07
-8.8e-07
-3.04e-07
7.4e-08
1.895e-06
-2.82e-06
-4.03e-06
-3.23e-06
-2.68e-06
-2.7e-06
4.1e-09
5.81e-06
-1.623e-06
-7.57e-06
-2.23e-06
-6.2e-06
-1.987e-06
4.7e-07
1.958e-06
3.11e-06
-9.98e-06
6.6e-06
5.37e-06
1.7e-07
-3.24e-06
1.202e-05
9.446e-06
7.65e-06
-1.463e-06
2.87e-06
-3.35e-06
-2.54e-06
-2.5715e-07
1.657e-05
1.666e-06
-1.12e-06
-2.487e-06
-1.7088e-06
-1.41e-06
-1.533e-06
1.13e-06
1.22e-06
7.67e-07
4.4e-07
5.16e-07
1.79e-06
-2.39e-06
3.32e-06
-1.57e-07
1.01e-06
-1.45e-06
8.2e-07
-8.95e-06
-5.07e-06
2.96e-06
-4.96e-07
-4.02e-06
-1.46e-07
-8.84e-07
2.8872e-07
-7.11e-06
1.45e-07
1.64e-06
-5.85e-07
1.253e-06
-8.398e-07
-4.06e-06
-4.5e-07
-2.4e-06
1.267e-06
8.82e-06
1.75e-06
2.98e-06
-3.52e-06
-3.487e-06
-2.902e-06
5.51e-06
1.362e-06
-1.61e-06
3.53e-06
5.46e-06
7.95e-06
-1.056e-05
5.36e-06
5.579e-06
8.63e-06
8.24e-06
8.47e-07
-4.55e-06
-2.639e-06
-9.95e-06
1.099e-06
7.95e-06
2.93e-06
-8.88e-07
-1.473e-06
-2.415e-06
-4.89e-07
-3.14e-06
-6.1e-08
1.24e-06
4.17e-06
-4.59e-07
-1.633e-06
-6.6e-07
-4.15e-06
-1.494e-06
-7.32e-07
1.47e-06
-2.69e-06
-3.35e-06
-6.66e-06
-3.052e-06
1.64e-06
-3.6e-07
-2.8e-06
2.58e-07
1.04e-06
-2.151e-07
-4.51e-06
-5.6887e-07
-5.13e-07
-4.513e-07
-2.423e-06
-1.748e-06
-8.57e-07
3.637e-06
1.7e-07
1.5e-08
6e-07
-1e-08
-1.309e-06
-1.3e-07
5.94e-06
-1.36e-06
1.64e-06
6.673e-07
-3.09e-06
1.48e-06
-6.58e-06
-1.64e-06
5.1e-07
6.89e-06
1.091e-05
-2.25e-06
-1.13e-06
-2.62e-06
-2.18e-06
8.93e-06
1.38e-06
7.6e-07
5.15e-07
-1.809e-06
-1.458e-06
-4.53e-07
1.14e-06
-1.98e-06
1.51e-06
9.79e-07
7.7e-07
-1.488e-06
-2.06e-07
1.62e-06
1.036e-06
-5.4e-07
-1.597e-07
-8e-08
5.3e-07
-4.12e-07
-2.95e-06
-6.409e-06
1.57e-06
1.32e-06
-3.836e-07
-1.865e-06
8.21e-07
1.065e-06
-4.21e-07
9.92e-07
1.28e-06
3.72e-07
-1.131e-06
4.7e-07
7.96e-07
1.571e-06
-8e-07
2.69e-07
1.05e-06
-2.599e-06
-2.759e-06
-7.16e-07
2.054e-07
4.85e-06
2.06e-06
-1.84e-06
6.18e-07
-1.0036e-05
-3.9e-06
1.34e-06
1.33e-05
-8.69e-06
2.1e-06
-1.88e-07
-1.59e-06
-2.952e-06
-5.52e-07
-1.6e-07
4.56e-06
-2.6e-06
2.557e-06
-2.23e-06
6.4e-07
-6.77e-07
-1e-07
-2.55e-06
1.57e-07
1.511e-06
1.75e-06
-8.08e-07
-1.225e-06
1.536e-06
2.503e-06
1.61e-07
3e-09
-4.8e-07
2.51e-06
-5.17e-07
-1.761e-07
-6.37e-06
1.13e-06
-1.09e-06
4.48e-07
6.84e-07
5.42e-07
4.53e-07
-2.36e-06
-2.317e-07
5e-09
4e-08
-1.136e-06
1.568e-06
1.139e-06
5.46e-07
-6.93e-07
-7.34e-07
7.877e-07
2.4e-06
2.335e-06
-2.62e-06
2.01e-06
-1.49e-06
-1.58e-06
9.15e-07
-1.139e-06
2.68e-06
1.299e-06
-1.013e-05
2.55e-06
-5.2e-06
1.065e-05
-7.7629e-06
6.52e-06
4.91e-06
-5.95e-06
4.12e-06
-5.11e-06
6.45e-07
1.926e-06
1.511e-06
9.9e-08
2.332e-06
-1.155e-06
1.466e-06
9.93e-07
-4.87e-07
-4.256e-07
1.17e-06
1.08e-07
3.4803e-07
6.48e-07
-3.92e-06
-6.64e-07
1.365e-07
7.51e-07
8.31e-07
2.37e-07
-1.47e-06
-3.31e-06
-4.3e-06
-1.17e-06
-1.6141e-06
6.72e-07
-1.4336e-06
-2.003e-07
-1.275e-06
4.99e-07
1.9e-07
-2.3588e-07
7.28e-07
4.5e-07
1.459e-06
-5.41e-07
-2.875e-07
2.7e-07
-2.27e-07
5.24e-07
-2e-07
3.162e-06
1.22e-06
3.5e-07
7.3e-07
-1.015e-06
-3.37e-06
-1.34e-06
9.52e-06
1.014e-05
5.8e-06
8.3e-06
3.18e-06
-1.009e-05
-4.99e-06
-6.7e-06
6.5e-07
2.2e-06
-3.05e-06
1.292e-06
-6.08e-06
-3.97e-06
-1.13e-05
5e-07
1.252e-06
-9.25e-07
-2.086e-06
4.3e-07
-5.51e-07
-3.9e-06
-2.63e-06
9e-08
1.352e-06
-1.93e-07
9.6e-07
4.45e-06
-6.95e-07
-4.46e-07
-7.7e-08
1.01e-06
4.32e-06
1.76e-06
-3.2e-06
1.67e-06
-5.6e-07
-1.61e-06
-4.31e-07
-2.2e-08
2.43e-07
3.8e-06
3.09e-07
-2.37e-06
-2.64e-06
-2.27e-06
-9.03e-07
-1.137e-06
1.09e-06
1.27e-06
1.67e-07
-3.8e-06
-4.27e-06
-2.47e-06
-5.3e-06
4.8e-07
3.24e-06
4.67e-06
-5.48e-06
2.685e-06
-4.45e-06
-1.04e-05
7.1e-06
6.98e-06
2.5e-06
-7.4e-06
1.565e-05
-2.33e-06
-4.68e-06
-4.5e-06
2.8e-07
1.69e-06
7.1e-07
-1.18e-06
-5.22e-06
-2.45e-06
1.5e-06
-5.22e-07
1.08e-06
3.26e-06
3.01e-06
-2.16e-07
-4.54e-06
1.29e-06
6.47e-07
-2.61e-08
3.72e-06
2.52e-06
1.41e-06
-2.12e-07
-8.9e-07
6.26e-06
3.07e-06
-3.14e-06
8e-07
2.38e-07
-6.7e-07
-6.94e-07
-2.032e-06
-5.98e-07
-1.56e-06
4.65e-07
4.35e-07
2.488e-07
-1.47e-06
-1.6e-06
1.15e-07
-9.7e-07
-4.89e-07
2.172e-07
3.81e-06
-4.83e-06
1.324e-06
-3.54e-06
1.91e-07
-1.067e-06
3.45e-06
-4.19e-06
-4.59e-06
-4.16e-06
-5.99e-06
-1.15e-05
2.2e-06
-5e-06
6.319e-06
1.349e-05
-5.7e-07
8.46e-07
-8.1e-06
-4.5e-08
1.77e-06
1.23e-06
1.73e-05
1.52e-06
-1.025e-06
-6.189e-07
3.34e-08
-1.46e-06
5.26e-07
-1.18e-07
9.2e-07
2.22e-06
-1.48e-07
1.05e-07
-3.2e-07
1.17e-06
4.79e-06
-2.55e-06
2.53e-06
-1.24e-06
-1.15e-06
4.023e-06
-2.24e-06
2.17e-06
4.99e-07
8.5e-07
-9.19e-08
1.78e-06
1.1352e-07
-4.02e-06
6.42e-07
2.84e-06
-4.45e-07
-4.88e-07
-1.104e-06
4.4052e-07
-1.36e-06
-4e-06
2.16e-07
8.28e-06
8e-07
-3.07e-07
-4.92e-06
-2.89e-06
-1.455e-06
-2.4e-06
6.114e-06
-9.7e-07
3e-08
1.16e-06
-1.47e-05
6.7e-07
-3.35e-06
1.679e-06
6.197e-06
-5.07e-07
-1.07e-06
-7.09e-06
-1.2008e-06
-1.132e-06
2.127e-06
9.93e-06
2.19e-06
-7.04e-07
-3.26e-07
1.86e-06
-1.04e-07
-9e-07
-3.3e-07
1.49e-06
1.83e-06
-1.373e-06
-1.36e-07
-5.9e-07
-1.68e-06
-8.41e-07
-2.81e-07
1.89e-06
1.65e-06
2.5e-06
-1.59e-07
1.04e-06
-2.6e-07
-2.019e-07
-2.4e-07
-7.462e-07
-6.38e-07
3.3e-08
-7.74e-07
1.56e-06
-4.43e-07
5e-07
1.18e-06
9.5e-07
1.79e-07
2.7e-08
-8.5e-07
-1.824e-06
-4.7e-07
1.01e-06
3.65e-06
3.25e-06
7.84e-06
-3.65e-06
-4.2e-06
-2.15e-06
-5.558e-06
2.26e-06
1.23e-05
2.18e-06
1.29e-05
-3.3e-06
-5e-06
-7.84e-06
-1.831e-06
-2.02e-07
-3.08e-06
2.05e-06
-1.06e-05
-2.23e-06
-1.1e-06
-3.21e-06
-3.73e-07
-1.0801e-06
-6.965e-07
-1.04e-06
-3.7e-07
-1.107e-06
-6.51e-07
2.62e-06
-7.46e-07
-7.11e-07
-1.292e-06
2.324e-06
2.09e-06
9.7e-08
-8.439e-07
5.97e-06
2.42e-06
-2.35e-06
-6.92e-07
-2.736e-06
-1.8e-07
8.6e-08
3.41e-07
-1.93e-06
-3.79e-07
-3.5e-07
1.04e-06
3.3e-08
-3.36e-07
5.1e-07
7.31e-07
-3.58e-06
1.44e-06
1.37e-06
2.68e-06
2.99e-06
-1.369e-07
-2.13e-06
-1.299e-06
1e-06
5.845e-06
5.246e-06
7.75e-07
2.72e-06
5.78e-06
-5.27e-06
1.03e-06
-4.33e-06
3.76e-06
-9.8e-07
9.2e-07
-1.087e-06
-2.84e-06
-5.94e-06
-1.023e-06
2.39e-06
-2.46e-06
9.65e-07
2.65e-06
1.059e-06
8e-09
-2.01e-06
2.85e-07
-1.189e-06
-2.22e-07
8.81e-08
6.29e-07
1.69e-06
-2.63e-07
-5.89e-07
-4.16e-07
5.25e-07
-8.8634e-07
-7.74e-07
-2.7e-08
-4.002e-06
-3.71e-06
-3.23e-06
9e-09
5.73e-07
7.4e-08
7.45e-07
-1.639e-06
1.87e-07
-2.25e-06
-4.59e-07
-9.08e-07
1.4e-07
2.74e-06
-1.241e-06
4.47e-07
2.84e-07
-1.047e-06
-1.52e-06
1e-06
2.65e-07
4.57e-06
-9.87e-07
-1.117e-06
3.21e-06
-1.96e-06
-5.08e-07
-4.9e-07
-6.11e-06
-6.72e-07
-2.62e-06
6.27e-06
1.08e-06
-4.19e-06
2.3e-07
-6.08e-06
3.22e-06
5.61e-06
3.86e-07
-9.24e-06
-3.41e-07
-1.71e-06
1.259e-06
2.137e-06
-1.6686e-07
2.07e-06
1.1134e-06
-2.77e-07
2.19e-06
1.76e-06
3.39e-06
1.718e-06
-5.21e-06
1.357e-06
-2.92e-07
-1.6e-07
-2.497e-06
1.064e-06
-3.5e-08
-4.53e-06
9.24e-06
-4e-07
2.56e-06
5.643e-07
-1e-07
-2.05e-07
7.9e-07
-1.24e-06
-4.85e-06
6.4e-08
2.46e-06
4.15e-06
1.137e-06
-2.69e-06
-3.79e-06
-2.3e-06
-8.58e-07
1.11e-06
8.45e-06
7.35e-06
-1.06e-06
-4.64e-06
-1.677e-06
-3.43e-06
1.38e-06
4.44e-06
1.14e-05
7.01e-06
-1.07e-05
8.3e-06
-1.7e-06
-7.234e-06
2e-06
5.76e-06
8.59e-06
-1.4e-06
-6.19e-06
-6e-08
-4.966e-06
2.1e-07
1.48e-06
2.65e-06
4.03e-07
-1.34e-06
-4.83e-06
-8.04e-06
-3.56e-06
2.66e-06
1.95e-06
2.532e-06
1e-08
-1.126e-06
-2.83e-06
-6.43e-06
-1.14e-08
1.26e-06
2.05e-06
-6.36e-07
-3.29e-06
-4.34e-06
3.95e-06
-1.081e-06
6.5e-08
-3.96e-07
1.05e-06
-6.39e-07
-8.16e-07
-5.2e-07
1.06e-06
-1.41e-08
-8.788e-07
2.78e-06
1.4e-06
-1.12e-06
-4.75e-06
1.87e-06
1.48e-06
1.46e-06
5.9e-07
3.67e-06
-4.67e-06
-1.71e-06
4.04e-07
2.41e-06
-9.21e-06
1e-05
2.36e-06
8.78e-06
-4.2e-06
-1.8173e-06
1.36e-06
-8.51e-06
5.55e-06
6.71e-06
1.89e-06
-1.08e-05
-3.1e-06
-1.581e-06
-9.08e-07
-6.38e-06
3.88e-06
6.11e-06
2.34e-06
-1.316e-06
-3.17e-06
-1.8e-06
-2.873e-07
-3.2e-07
1.828e-06
1.39e-06
3.82e-07
6.98e-08
-3.21e-06
1.31e-08
-2.12e-07
-4.701e-07
-2.6e-06
-1.693e-06
1.3e-07
-1.41e-06
8.6e-07
-3.08e-07
1.511e-06
-5.33e-07
1.96e-06
4.32e-07
-7.9e-07
-5.21e-07
-8.8e-07
1.142e-06
1.79e-06
2.53e-06
1.65e-06
-4.2e-07
-5.8e-07
-2.41e-06
-2.12e-06
2.6e-06
3.11e-06
-3.5e-07
6.23e-06
-1.1e-07
9e-08
-7.64e-06
6.9e-06
-1.0085e-05
-4.76e-06
8.05e-07
1.05e-05
6.2e-06
-2.22e-06
-1.16e-05
3.2e-06
-4.4e-08
7.96e-07
-6.167e-07
-1.2e-07
-1.12e-06
-6.3e-06
8.9e-07
5.27e-07
-1.022e-06
9.3e-07
-4.85e-07
-2.4e-06
-1.7e-06
-1.08e-06
-1.81e-06
-6.36e-07
1.21e-06
8.09e-07
-3.65e-07
-2.47e-07
9.35e-07
2.44e-07
-1.56e-06
6.7e-07
4.42e-06
1.4e-06
-1.42e-07
1.047e-06
-3.1e-07
2.7e-07
-2.34e-07
2.22e-06
1.88e-06
4.62e-07
-6.561e-07
1.004e-06
-2.39e-06
3.96e-07
4e-07
1.6e-06
6.73e-07
-1.712e-06
4.19e-07
8.14e-07
-6e-07
-2.25e-06
-1.97e-06
2.5e-06
5.52e-06
-6.3e-06
-2.23e-06
2e-06
-2.7e-06
9.67e-06
-7.2276e-06
3.7e-06
4e-06
-1e-05
1.022e-06
7.97e-07
-4.72e-06
-2.5138e-06
4.15e-06
8.03e-06
-8.33e-06
-1.737e-06
4.645e-07
-9.21e-07
-7.87e-07
4.81e-07
-3e-08
-2.88e-06
1.498e-06
-3.4e-08
-7.27e-07
-1.0783e-06
6.4e-07
4.6e-07
-1.03e-06
2.73e-07
2.29e-06
-5.5e-07
-3.93e-06
4.75e-06
2.3567e-06
1.15e-06
-2.7e-07
-4.08e-06
2.42e-07
-1.2745e-06
-4.86e-07
-2.8e-07
-1.77e-07
2.78e-06
9.7e-07
-1.98e-06
-4.67e-07
-2.38e-06
-2e-06
2.495e-06
1.44e-06
7.82e-06
1.13e-06
-3.313e-06
-4.24e-06
-7.13e-06
2.5e-07
6.46e-06
2.3e-06
8.3e-07
-2.22e-06
-9.6e-07
-7e-07
8.2e-07
3.26e-06
9.57e-06
8.9e-06
-2.81e-06
-3.0359e-06
-3.32e-06
-3.32e-06
-1.637e-06
1.59e-06
3.63e-06
1.1e-07
-5.87e-06
-1.91e-06
-1.717e-06
-2.09e-06
7.38e-07
-4.86e-07
1.27e-06
-7.73e-06
-2.35e-06
8.9e-08
4.94e-07
2.76e-06
-1.88e-07
2.25e-07
2.002e-07
-7.15e-06
3.68e-06
4.672e-06
-5.5e-07
3.29e-06
1.38e-07
-4.01e-07
-8.24e-07
-1.62e-06
9.92e-07
8.67e-07
7.42e-07
1.626e-06
8.625e-07
-1.54e-06
-7.47e-07
-5.38e-07
2.24e-06
5.87e-07
8.95e-07
-5.45e-06
-1.54e-06
-1.89e-07
7.69e-07
-8.7e-07
2.582e-06
1.628e-06
1.11e-06
-5.51e-06
-1.4e-06
3.13e-06
5.67e-06
-1.134e-05
1.25e-06
-7.98e-07
-2.1e-07
-4.98e-06
4.9e-07
-3.4e-07
-1.537e-06
-1.646e-06
1.635e-06
2.2e-07
-6.78e-07
-1.18e-06
-6.3e-07
-7.11e-07
8.576e-07
1.09e-06
1.4e-06
2.29e-06
1.261e-06
-5.24e-07
1.28e-06
1.49e-07
5.05e-07
1.26e-06
4.96e-07
-1.754e-07
-4.7e-07
-1.28e-06
3.2116e-06
5.68e-07
-1.121e-06
7.13e-07
4.047e-07
4.68e-07
-4.08e-06
1.146e-06
-6.34e-07
5.06e-07
3.41e-07
-5e-07
3e-09
-2.66e-06
2e-09
2.377e-07
7.17e-07
1.1e-07
-3.54e-06
-1.267e-06
2.68e-06
-6.01e-07
2.35e-06
1.802e-06
-6.9e-07
-2.47e-06
-8.2e-06
1.299e-05
2.73e-06
2.567e-06
6e-06
2.44e-07
6.28e-07
-1.24e-05
-2.19e-06
3.22e-06
3.174e-06
3.34e-06
-3.29e-06
-2.47e-07
-6.41e-06
-4.65e-07
2.248e-06
-7.9e-07
8.71e-07
-1.4e-08
-1.77e-06
-9.78e-07
-1.33e-06
-1.5e-08
-4.97e-07
-2.13e-06
1.207e-06
4.321e-07
-1e-06
7e-09
-6.55e-07
1.249e-06
-2.13e-06
6e-06
5.2e-07
1.2e-06
7.99e-07
2.208e-06
4.88e-07
1.94e-06
-9.53e-07
-1.33e-06
-5.97e-07
6.97e-07
2.044e-06
6.4e-07
-2e-06
-9.36e-07
-1.952e-07
1.18e-07
-9.8e-08
3.103e-06
2.01e-06
-4.57e-06
-3.28e-06
-6.401e-06
8.7e-08
2.19e-06
-5.3e-07
1.2e-07
2.11e-06
4.91e-06
-7.36e-06
-2.67e-06
-8.49e-07
1.125e-06
4.81e-06
4.36e-06
-7.1e-07
-3.58e-06
-2.247e-06
-5.3e-07
-4.96e-07
-2.01e-06
3.694e-06
2.172e-06
2.23e-07
-1.26e-07
-3.29e-06
-4.32e-07
9.8e-08
-6.56e-07
2.673e-06
1.441e-06
-1.44e-07
-5.35e-07
-4.01e-06
-9e-07
-5.48e-07
6.85e-07
1.071e-06
-1.26e-06
2.56e-06
-8.7e-07
-3.12e-07
-1.227e-06
2.068e-06
-5.12e-07
1.88e-06
7.25e-07
2.445e-06
1.57e-07
-7e-07
-1.459e-06
6.55e-07
-2.01e-07
-9.1e-07
-3.6e-06
-7.3e-07
9.85e-07
3.24e-06
2.58e-06
2e-07
-4.83e-06
-3.47e-06
-1.76e-06
-3.2e-06
9.23e-07
1.65e-06
-3.909e-06
-3.08e-06
-2.589e-06
-6.01e-06
5.45e-06
-2.1e-07
2.34e-06
3e-08
4.1e-06
-4.81e-06
-2.66e-06
9.4e-07
-1.26e-06
3.7e-06
1.009e-06
-5.588e-07
5e-08
-1.79e-06
-1.51e-06
2.576e-06
7.74e-07
1.932e-06
2.02e-07
-1.1e-07
-6.53e-07
-2.34e-06
1.5e-07
9.29e-07
-1.85e-07
7.4e-07
8.8e-07
1.64e-06
7.346e-06
2.093e-06
-6.7e-07
-5.17e-07
-3.7e-07
5.727e-07
5.2e-08
7.58e-07
-2.22e-06
-3.88e-07
5.57e-07
-8.6e-08
-4.54e-07
1.257e-06
7.05e-07
1.99e-06
-3.21e-07
-3.48e-07
8.958e-07
-1.24e-06
9.1e-07
6.1e-07
1.442e-06
-1.925e-07
8.4e-07
-1.5e-06
-4.69e-06
-5.43e-06
-1.92e-06
5.13e-06
-2.35e-06
-5.43e-06
-1.839e-06
1.151e-06
-8.57e-07
3e-07
1.659e-06
1.137e-06
5.7e-07
1.19e-07
1.7e-07
1.28e-06
-1.65e-07
1.073e-06
1.87e-06
2.25e-06
4.03e-07
-4.34e-07
-1.892e-06
-9.5e-07
2.91e-07
1.34e-06
1.49e-06
4.624e-07
-6.9e-07
1.011e-06
-1.68e-06
-1.91e-06
1.03e-06
-5e-08
1.84e-06
5.1e-08
-2.24e-07
1.612e-06
1.14e-07
1.91e-06
4.63e-07
1.58e-06
5.82e-07
-4.887e-07
-9.51e-07
-3e-06
-1.08e-06
6.75e-07
8.75e-07
1e-06
-6.52e-07
-3.12e-06
-6.75e-06
-4.35e-06
3.2e-06
2.67e-06
-1.87e-06
2.55e-06
1.59e-06
1.11e-06
-3.63e-06
-4.24e-06
-8.31e-06
4.26e-06
-1.58e-07
3.55e-06
-8.7e-07
-4.133e-06
-1.81e-06
5.71e-06
-1.14e-06
1.447e-06
1.575e-06
1.048e-06
-1.24e-06
-2.64e-06
-1.35e-06
2.13e-06
-1.37e-07
7.69e-07
4.29e-07
7.93e-07
-1.308e-06
-1.01e-06
-1.43e-06
1.21e-06
5.03e-07
1.09e-06
-2.98e-07
4.11e-07
1.283e-06
3.2e-07
4.65e-06
4.9e-07
1.06e-06
7.2e-08
4.74e-07
-1.06e-07
1.39e-06
1.79e-07
3.519e-06
-3.59e-07
7.86e-07
-2.3e-06
-3.28e-07
-8.6e-08
1.64e-07
-1.24e-06
-6.6e-07
1.65e-06
-1.6e-06
1.85e-06
-4.439e-06
-6.86e-06
-4.88e-06
-4.06e-06
1.218e-06
-2.6e-07
4.18e-06
1.31e-06
-8.69e-06
-1.09e-06
-6.17e-06
6.13e-06
-4.3e-07
8.8e-07
5.83e-06
-3.986e-06
-3.67e-06
-1.94e-06
-3.66e-06
1.136e-06
1.421e-06
1.104e-06
1.006e-06
9.9e-07
7.83e-07
-1.14e-06
9.13e-07
1.335e-06
5.57e-07
6.594e-07
3.16e-07
8.2e-08
5.39e-07
8e-08
9.44e-08
1.43e-06
5.78e-07
-8e-08
3.1391e-06
7.532e-06
-1.66e-06
-2.081e-06
6.59e-07
-2.7e-06
4.17e-07
7.22e-06
5.074e-07
-2.76e-06
-5.98e-07
8.02e-07
-1.52e-08
9.7e-07
3.33e-06
1.625e-06
-5.7e-07
1.3e-07
-1.057e-06
-3.128e-06
4.706e-07
2.015e-06
6e-09
6.21e-06
6.56e-06
-1.213e-06
-2.01e-06
-4.164e-06
6.53e-06
-4.53e-06
2.296e-06
8.52e-06
-1.56e-06
-3.41e-06
-5.68e-06
-1.82e-06
8.97e-07
-9e-08
3.01e-06
2.7e-07
-3.64e-06
-4.03e-06
-1.919e-06
-1.495e-06
1.537e-06
1.852e-06
3.07e-06
-1.32e-06
-9.74e-07
6.72e-07
-3.71e-07
-1.797e-06
1.872e-06
1.255e-06
1.2e-08
-4.804e-07
-8.44e-08
-1.548e-06
-1.47e-06
-4.05e-06
-3.64e-06
2.86e-06
-1.92e-07
-9.67e-08
2.74e-07
1.056e-06
5e-07
1.001e-06
-7.2e-07
3.46e-07
1.169e-06
1.448e-07
2.347e-06
1.59e-06
1.32e-06
3.48e-07
-1.4e-06
8.4e-07
-1.73e-06
-5.93e-07
3.59e-06
-2.751e-07
4.45e-06
-1.97e-06
-5.04e-06
-1.085e-06
-5.449e-06
1.05e-06
2e-06
-1.8e-06
4.56e-06
4.27e-07
-5.73e-06
1.05e-06
5.47e-06
-2.4e-07
-8.71e-06
1.66e-06
-9.67e-06
-6.3e-07
-6.9e-07
-6.5e-07
8.32e-07
-9.083e-07
2.8e-07
-1e-07
-3.35e-06
-3.23e-06
9.61e-07
-6.1e-07
1.09e-07
2.33e-06
3.62e-07
-6.85e-07
-2.84e-06
4.56e-06
2.171e-06
-1.47e-06
4.8e-06
2.234e-06
2.02e-07
-1.04e-06
1.2e-08
2.242e-06
2.53e-07
-8.67e-07
3.63e-07
5.61e-07
-9.7942e-08
-3.07e-06
-1.26e-06
-3.6e-07
-7.6e-08
2.646e-07
-4.45e-08
1.78e-07
1.29e-06
-1.318e-05
5.696e-06
4.271e-06
-1.46e-07
8.62e-07
1.15e-07
3.59e-06
-2.4e-07
-8.1e-06
1.2616e-05
-1.08e-06
2.149e-06
-3.45e-06
-1.66e-06
1.26e-06
-1.66e-06
1.2633e-05
6.24e-07
1.83e-06
2.77e-07
-3.12e-06
2.25e-07
1.94e-06
-5.09e-06
1.186e-06
1.3056e-06
-6.6e-07
-2.22e-07
-2.22e-07
5.75e-07
-3.52e-06
-4.13e-06
1.02e-07
4.28e-07
4.83e-07
3.46e-07
-3.4e-08
-3.33e-06
-1.33e-06
-8.87e-07
-1.86e-06
-2.9e-07
-3.73e-06
-1.633e-06
5.37e-07
7.53e-07
-7.2e-08
-5.97e-07
-7.8e-07
-1.359e-06
-2.05e-06
-2.19e-06
-1.81e-06
-8.16e-07
2.21e-07
-4.81e-07
-1.27e-06
-3.1e-06
-2.87e-06
-7.15e-06
-2.39e-06
1.71e-06
1.05e-06
1.1e-07
1.4e-06
4.68e-06
7.9603e-07
-1.105e-05
5.31e-06
1.42e-06
2.84e-06
2.17e-06
9.04e-06
-1.27e-06
2.14e-06
-2.405e-06
-6.42e-07
4.73e-06
6.4e-07
7.42e-06
-8e-07
1.66e-06
-1.329e-06
1e-08
1.39e-07
2.808e-06
-9.7e-07
-2.25e-06
8.33e-07
3.6e-07
3.5e-07
-2.84e-07
-6.3e-07
5.49e-07
1.1e-07
-1.432e-06
7.91e-07
7.1e-07
1.065e-06
-8.64e-07
-3.29e-06
-3.11e-07
1.968e-06
-1.055e-06
9.88e-07
2.93e-07
-3.85e-08
5.43e-07
-5.35e-07
-1e-08
-7.75e-07
-1.75e-07
4.5e-07
5.95e-07
-1.309e-06
5.8e-07
1.037e-06
5.19e-07
-1.39e-06
-3.4e-07
7.5e-07
2.65e-06
-4.45e-06
-3.8e-06
1.403e-06
-4.1e-07
1.452e-06
-7.19e-06
8.2e-06
4.7e-06
-5.83e-06
-5.9e-07
5.11e-06
-7e-07
1.11e-06
8.4e-07
6.68e-06
-9.54e-07
-4.04e-07
-6.459e-07
7.5e-07
-2.103e-06
2.95e-06
2.86e-07
-2.7e-07
2.3e-07
-1.102e-06
-1.55e-06
-1.45e-06
-1.5e-08
8.29e-07
-4.99e-07
3.93e-07
1.552e-06
-6.8e-07
-1.52e-06
-1.87e-06
-6.89e-07
-3.21e-06
-4.18e-06
-4.1e-06
-2.49e-07
-1.055e-06
-3.21e-07
-1.034e-06
1.247e-06
8.4e-07
-5.24e-07
7.23e-07
-3.55e-06
-4.2e-06
-2.28e-06
-1.88e-06
2.81e-06
6.74e-07
9.704e-07
-1.279e-06
-3.83e-06
-2.38e-06
-1.383e-06
4.04e-07
4.86e-06
-3.05e-06
-2e-06
-3.01e-06
5.78e-06
-8.81e-06
3.24e-06
8.41e-06
6.59e-06
-5.46e-06
3.58e-06
3.604e-06
-1.6e-06
-1.171e-06
5e-06
2.87e-06
-2.3e-07
4.71e-07
-3.31e-06
-7.39e-06
1.06e-06
2.82e-06
9.43e-07
3.07e-06
3.9e-07
1.1e-07
-2.93e-06
-1.55e-06
2.68e-06
1.17e-06
1.411e-06
-9.25e-07
-3e-08
-4.13e-07
-3.2e-06
-3e-06
4.53e-06
2.77e-06
1e-07
8.68e-07
3e-07
1.613e-06
-3.42e-07
1.67e-06
7.8e-08
6.3874e-07
-1.22e-06
3.39e-06
1.52e-07
4.8157e-07
5.26e-08
1.545e-06
1.247e-06
-1.39e-06
-2.81e-06
3.8e-06
-2.71e-07
2.39e-06
6.65e-07
2.81e-06
-1.24e-06
-9.709e-06
-3.65e-06
4.845e-06
-1.973e-06
1.09e-06
-7.8e-07
5.18e-06
1.44e-06
-1.0125e-05
-8.72e-06
4.66e-07
7.21e-07
4.08e-06
-2.06e-06
5.0579e-06
-3.23e-06
9e-08
3.842e-06
-8.47e-07
-4.44e-07
1.747e-06
8.41e-07
-2.01e-06
-4.63e-06
1.9e-06
1.245e-06
-1.47e-06
2.77e-07
1.013e-06
-5.99e-07
-3.1e-06
1.01e-06
1.071e-06
-1.46e-07
-4.94e-07
4e-07
4.15e-06
1.8e-06
-3.02e-08
-1.246e-06
4.5e-08
2.13e-06
-4.56e-07
-5e-09
-9.13e-07
2.53e-07
4.14e-07
-4.13e-07
1.304e-06
1.749e-06
-4.65e-07
-1.77e-07
-3.4e-06
-1.95e-06
8.59e-07
3.74e-06
9.23e-07
2.43e-06
-3.69e-06
4.37e-06
6.62e-07
-1.289e-06
7.75e-06
9.39e-07
1.21e-06
-3.3095e-06
-3.38e-06
-1.31e-06
-6.2e-07
-8.07e-06
3.28e-07
1.284e-06
1.78e-06
-4.19e-06
2.888e-06
6.87e-07
-1.81e-06
-1.32e-06
3.3e-08
-3.37e-06
-4.37e-07
-2.21e-06
-2.86e-06
-2.37e-07
-1.185e-06
-4.06e-07
2.73e-06
3.97e-07
-1.61e-06
-6.71e-07
1.56e-06
5.97e-07
-3.99e-07
-3.01e-06
4.27e-06
7e-07
3.46e-06
-7.66e-07
-7.8e-07
5.03e-07
2.64e-06
-3.78e-07
-1.57e-06
5.9e-07
-1.46e-06
1.56e-07
-6.24e-07
1.23e-06
4.9e-07
-5.73e-07
-4.32e-07
-3.61e-07
-6.38e-06
5.6e-06
1e-06
5.7e-07
-4.484e-06
1.87e-06
-4.51e-06
1.1e-07
9.57e-06
4.15e-06
2.72e-06
-1.72e-06
3.96e-06
1.13e-06
5.033e-06
-1.33e-06
1.866e-06
2.51e-06
5.44e-07
-4.1e-07
-7.61e-06
-3.23e-07
-7.34e-06
-4.85e-06
1.232e-06
-3.88e-07
5.4e-07
-8.811e-07
-2.88e-06
-1.87e-06
-3.56e-06
-2.04e-06
-1.43e-07
4.22e-06
-4.45e-07
-5.49e-08
-5.33e-06
2.31e-06
3.2e-08
-1.273e-06
4.67e-06
-1.82e-06
-2.05e-06
-6.8e-06
-2.11e-07
-1.081e-06
2.63e-07
1.07e-06
-1.313e-07
-7.31e-07
-9.99e-07
-3.27e-06
-1.87e-06
-1.937e-06
7.4e-07
6.4e-07
-7.88e-07
-4.28e-07
-1.11e-06
3.5e-07
-3.6e-06
3e-06
2.19e-06
-2.07e-06
8.53e-07
4.632e-06
-8.2e-07
4e-08
-1.847e-06
9.2e-07
6.92e-06
-1.866e-06
5e-07
6.53e-06
4.217e-06
4.7e-07
3.57e-06
2.76e-06
-4.4e-07
-1e-07
2.49e-06
8e-07
-2.72e-06
1.24e-06
1.67e-06
2.03e-06
-4.9e-07
2e-06
-1.8e-06
-1.88e-06
4.15e-07
1.5e-06
-1e-07
1.03e-07
2.43e-07
-6.48e-07
-4.2e-06
-1.258e-06
5.92e-07
-3.31e-06
-7.384e-06
2.01e-06
-3.18e-06
-5.71e-07
4.64e-06
4.85e-07
6.9e-07
-9.11e-08
1.01e-06
4.8e-07
-2.21e-06
3.76e-06
1.12e-06
-7.37e-07
-1.06e-07
-7.11e-07
-1.78e-06
-3.55e-06
-1.95e-06
7.19e-06
7.39e-06
-1.41e-06
1.23e-06
1.6e-07
-1.21e-05
1.01e-07
1.3e-06
1.19e-05
7e-07
-2.71e-06
5.13e-06
-1.27e-05
7.5e-07
5.1e-07
4.18e-06
1.333e-06
-3.44e-06
-8.43e-07
-5e-08
-8.6e-06
-1.78e-06
1.27e-06
2.01e-06
-1.08e-07
-1.17e-06
-3.51e-06
-1.35e-06
-8.6e-07
4.33e-07
2.03e-06
1.38e-06
7.96e-07
-2.15e-06
-4.45e-06
1.518e-06
-8.83e-07
1.366e-06
3.66e-06
-3.98e-06
3.18e-06
-2.44e-06
-5.3e-08
2.1e-08
1.576e-06
-7.5e-08
4.75e-07
8.25e-07
-6.03e-07
5.7e-07
-8.31e-07
-7.88e-07
1.0663e-06
-8.09e-07
-1.1e-08
1.63e-06
-6.194e-07
-4.42e-07
2.84e-06
-3.52e-07
1.8128e-06
-2.43e-06
5.21e-07
6.16e-07
-7.96e-07
-1.9e-07
-8.1e-07
-2.57e-06
3.62e-06
2.29e-06
2.475e-06
-1.49e-06
-7.7e-07
4.4e-06
-2.02e-06
-2.94e-06
3.66e-07
-1.29e-06
-8.8e-07
-1.64e-06
2.92e-06
8.92e-07
5.6e-07
-3.12e-07
-1.223e-06
-1.88e-06
3.33e-07
5.7e-08
7.888e-08
-2.03e-06
-2.4e-07
7.6e-09
-7.2e-07
-1.444e-06
1.87e-07
4.891e-07
9.98e-07
5.804e-07
-4.7e-08
-2.633e-06
4.4e-06
-1.312e-06
-1.264e-06
-2e-08
-2.495e-07
1.63e-06
-3.19e-07
5.09e-06
1.62e-06
-4.13e-06
-1.759e-06
8.87e-07
-1.038e-06
6.66e-07
1.36e-06
3.11e-06
-6.49e-07
-7.81e-06
2.193e-06
9.2e-07
-4.4e-07
6.136e-06
1.64e-06
4.8e-07
1.6e-07
-2.2e-06
3.2e-06
-7.57e-06
2.09e-06
1.037e-05
-8.3e-07
-3.44e-06
4.54e-06
1.983e-06
-1.212e-06
-3.22e-06
-4.4e-07
-1.108e-06
-5.66e-07
-2.466e-06
-2.72e-06
-3.36e-06
-1.56e-06
-1.71e-06
-6.88e-07
-1.31e-07
-2.95e-07
-1.112e-06
-1.365e-06
-1.02e-06
-1.05e-07
-8.041e-07
1.092e-06
1.796e-06
-3.49e-07
-1.032e-06
-2.52e-06
-1.35e-06
3.59e-06
-4.55e-06
-2.16e-06
5.71e-07
-1.074e-06
-3.22e-07
1.56e-06
-5.74e-07
-8.34e-07
-1.412e-06
7.5e-07
-3.99e-07
-4.44e-07
-3.24e-07
1.69e-06
-1.82e-06
-8.8e-07
-4.36e-06
2.74e-06
-6.9e-07
4.07e-06
1e-07
-1.93e-06
9.09e-07
4.13e-06
-5.3e-07
-9.4e-06
5.61e-06
1.5e-06
-2.211e-06
-2.7223e-06
7.36e-06
1.36e-07
5.361e-06
-4.78e-06
1.391e-06
-8.6e-07
-3e-07
-9.2e-07
-3.38e-07
1.931e-06
-4.4e-06
2.54e-08
1.228e-06
-1.653e-06
-7.7e-07
-7.37e-07
1.192e-06
-1.23e-06
6.63e-07
1.53e-06
1.21e-06
1.3e-07
-4.41e-07
1.19e-06
-2.1e-06
1.121e-06
1.252e-06
2.84e-06
-1.8e-07
2.96e-06
-4.15e-06
1.54e-06
-1.281e-06
2.05e-07
-1.975e-06
1.043e-06
6e-09
7.39e-07
-8.21e-07
-7.65e-08
2.57e-07
1.3e-07
-5.06e-07
-5.83e-08
-7.2e-07
-4.38e-06
7.371e-07
1.206e-06
1.6e-06
4.2e-07
-4.398e-06
1.236e-06
7.62e-06
1.572e-06
-6.67e-06
4.91e-06
4.55e-06
-2.139e-06
-1.011e-05
1.178e-05
2.96e-06
2.113e-06
-4.85e-06
3.02e-06
2.34e-06
-1.884e-06
-9e-06
2.42e-06
-7e-08
-1.7e-08
7.9e-07
2.2e-07
-5.21e-07
-6.16e-07
-2.62e-07
-5.02e-06
-2.12e-06
-1.264e-06
8.06e-07
7.9e-07
5.19e-07
3.67e-07
-3.9e-08
-7.87e-07
2.18e-06
-3.79e-07
-9.73e-08
4e-08
-1.26e-06
-1.469e-06
-4.99e-07
-1.06e-06
6.267e-07
-8.04e-07
-2.87e-07
-2.1e-08
9.72e-08
-1.51e-06
-3.81e-07
1.91e-07
-4.865e-07
1.184e-06
7e-09
1.446e-06
-6.06e-07
1.4e-06
3.51e-06
-5.9e-06
6.86e-07
2.844e-06
1.03e-06
1e-08
2.43e-06
6.26e-06
-9.14e-06
-5.2e-07
5.94e-06
5.97e-06
3.32e-06
-5.15e-06
-1.5e-06
4.1e-07
-1.657e-07
-2.94e-06
1.387e-06
-6.27e-07
-1.3e-06
2.06e-06
1.7e-07
-1.05e-06
-2.66e-06
8.6e-08
-8.8e-07
2.321e-06
-1.41e-06
-1.145e-06
1.75e-06
-7.6e-07
2.78e-06
-2.24e-06
1.095e-06
4.82e-07
-1.382e-06
-1.69e-06
-1.172e-06
3.865e-06
-6.48e-06
-2.09e-06
-2.75e-06
2.65e-07
5e-09
-1.092e-06
-1.002e-06
-3.31e-08
-5.15e-07
-1.65e-06
-3.8e-06
-5.94e-07
1.25e-06
-4.49e-07
-5.31e-07
1.69e-07
2.14e-07
-2.59e-06
1.73e-06
-2.19e-06
1.13e-06
1.302e-06
5.8e-07
2.87e-06
1.997e-06
-1.33e-06
2.054e-06
9.4e-07
3.5e-06
3.49e-06
4.436e-06
-1.44e-07
1.6e-06
6.78e-06
-4.54e-06
-2.034e-06
8.1e-07
2.05e-07
8.31e-06
3.473e-06
2.7e-06
-2.602e-06
-1.66e-07
1.57e-07
-1.39e-07
-3.29e-07
-3.91e-07
-1.52e-06
-4.75e-06
-1.77e-06
-9.661e-07
-4.7e-07
-5.1e-07
9.34e-08
-1.92e-06
-3.1e-06
-1.026e-06
3.25e-07
3.59e-07
-6.89e-06
-3.702e-06
-2.5e-07
-2.81e-07
-3.8e-06
1.87e-07
-1.039e-06
3.8e-07
-3.23e-06
7.7e-07
-6.38e-07
-8.5e-07
-1.9e-06
5e-08
-5.22e-07
6.7e-07
-9e-09
2.32e-06
-8.9e-07
-8e-08
2.12e-06
-1.28e-06
-5.2e-07
1.306e-06
8.27e-07
1.09e-07
1.64e-06
-3.34e-06
-8.3e-07
-1.98e-06
8.8e-06
4.527e-06
-2.96e-06
4.48e-06
-3.77e-06
1.297e-06
4.8e-07
2.76e-06
2.26e-06
-4.8e-07
-1.84e-06
-1.1e-07
3.19e-07
-3.77e-07
-1.194e-06
1.38e-07
8.38e-07
-1.645e-06
-2.18e-06
-2.14e-06
1.71e-06
8.88e-07
4.93e-07
8.6e-07
1.8e-06
3.76e-07
-9.85e-07
-7.955e-07
2.87e-06
-4.79e-06
2.7e-07
4.39e-07
-2.9e-07
-1.055e-06
-3.71e-07
-6.82e-07
-7.94e-07
4.9e-06
3.85e-07
-4.22e-07
-6.45e-07
1.77e-06
1.9e-09
-1.81e-06
1.556e-06
1.587e-06
1.509e-06
3.54e-06
1.28e-06
1.36e-06
-2.46e-06
-2.09e-07
-3.79e-07
-1.16e-06
9.4e-08
2.48e-06
4.5e-06
-4.83e-06
5.93e-06
-2.28e-06
-1.43e-06
-6.37e-06
6.57e-06
1.65e-06
3.3e-08
-6.04e-06
-2.03e-06
-3.59e-06
-2.18e-06
-7.64e-06
-2.304e-06
9.6e-07
1.435e-06
-1.006e-06
1.606e-06
-4.51e-06
-2.21e-06
-1.17e-06
7.9e-07
1e-06
3.1e-08
-4.9e-07
3.47e-06
-7.77e-07
-3.23e-07
-1.52e-07
1.9e-06
-1.765e-06
7.13e-06
-1.806e-06
6.9e-07
-1.209e-06
-1.937e-06
-3.92e-07
-1.509e-06
3.52e-07
1.963e-06
-8.4e-07
-3.61e-07
-2.19e-06
-1.82e-06
-2.26e-07
-1.176e-06
2.49e-06
2.6e-07
-2.46e-06
-8.8e-07
-9.27e-07
-2.279e-06
1.03e-06
1.92e-06
1e-08
3.33e-07
-1.4e-07
-4.25e-06
-3.36e-06
3.97e-06
6.95e-06
1.42e-06
-1.216e-06
4.3055e-06
-2.79e-06
-6.99e-06
1.2e-07
8.9e-06
-8.7e-07
1.833e-06
-1.176e-06
-3.75e-06
-2.75e-06
-3.201e-07
2.2e-06
2.09e-06
1.07e-06
-1.451e-06
-1.111e-06
-9.09e-07
-1.55e-06
2.14e-06
-9.7e-08
1.59e-06
-1.66e-07
1.445e-07
1.035e-06
-6.031e-07
1.17e-06
2.92e-06
-5.7e-07
3.44e-06
-7.17e-07
-7.78e-07
1.56e-07
-4.64e-08
3.08e-06
3.74e-07
1.82e-06
1e-09
-1.46e-06
-4.88e-07
-4.42e-07
2.76e-07
1.185e-06
-8.06e-07
1e-09
-2.51e-06
-7.4e-07
-1.49e-06
1.86e-06
-3.05e-07
-8.72e-07
-1.3e-06
6.32e-06
-2.12e-06
8.91e-06
-8.85e-06
-3.14e-08
-1.12e-06
-5.83e-06
5.14e-06
-3.14e-06
-2.12e-06
3.66e-06
-1.95e-06
-4.12e-06
-3.1563e-07
-3.589e-06
3.41e-06
-7.8e-06
-1.99e-06
6.5e-07
-1.824e-06
2.71e-06
-2.53e-07
2.6e-07
-3.2e-07
-3.47e-06
-3.479e-07
1.74e-06
3.07e-06
3.88e-06
-7.49e-07
1.17e-06
-2.53e-06
5e-07
-1.65e-07
-8.1e-07
8.7e-06
-1.07e-07
3.49e-06
-5.45e-07
-8.37e-07
-9.53e-08
2.04e-06
2.78e-08
-8.78e-07
7.2e-07
-8.78e-07
3.15e-07
4.63e-07
-3.3e-09
-1.338e-06
-8.43e-07
4.276e-07
-1.33e-07
-2.31e-06
3.26e-06
2.467e-06
-1.385e-06
-4.06e-06
1.7e-06
5.9e-07
-1.3e-06
5.05e-06
1.25e-06
-9.82e-06
-1.55e-06
5e-06
-5.03e-06
-3.872e-06
1.417e-06
2.075e-06
2.024e-06
-1.455e-06
-1.131e-06
1.12e-06
1.069e-06
5e-08
-1.053e-06
1.934e-06
2.29e-06
2.02e-06
-1.16e-07
6.848e-07
1.647e-06
-2.5e-07
5.6e-08
1.238e-06
-1.31e-07
6.4e-07
7.5e-08
-4.291e-07
-6.24e-07
-4.4e-07
-5.88e-07
8.2e-07
-7.92e-06
2.8518e-06
5.8e-07
-2.53e-07
-2.05e-06
3.781e-07
-3.16e-06
2.355e-07
4.534e-06
1.247e-06
-6.126e-07
2.1e-07
-3.48e-07
5.98e-07
-4.06e-07
1.213e-06
4.27e-07
4.34e-06
-2.433e-06
-1.275e-06
-7.73e-06
5.33e-07
4.15e-06
5.4e-07
3.34e-06
2.56e-06
-9.36e-06
-7.56e-06
-1.23e-06
2.78e-06
2.65e-06
4.6e-06
1.25e-06
6.7e-07
-3.3e-07
-1.861e-06
-5.48e-06
3.43e-06
-2.233e-06
1.78e-06
3.895e-06
1.082e-06
-5.16e-07
-4.624e-07
-2.6e-06
1.4946e-06
2.209e-06
1.785e-06
-2.43e-06
-6.2e-07
-1.07e-06
-2.165e-06
-4.48e-07
1.048e-06
-2.09e-06
3.02e-06
-9.53e-07
-2.02e-07
-3.01e-06
3.2e-07
-4.26e-06
-1.51e-06
-5.4e-08
5.91e-07
1.399e-06
-3.8374e-07
2.02e-07
-4.39e-06
2.1e-08
-2.18e-06
1.25e-06
1.63e-06
-1.006e-06
4.47e-07
6.05e-07
-2.54e-06
-3.3e-07
2.46e-06
3e-07
3.88e-06
1.61e-06
2.8646e-06
3.6e-07
1.623e-06
1.06e-06
2.09e-06
2.68e-06
1.161e-05
-7.79e-06
1.74e-06
-6.271e-06
0
-1.368e-05
5.06e-06
3.46e-06
1.53e-07
-4.2e-07
1.06e-06
-1.42e-06
-5.9e-07
1.54e-06
-8.5e-08
-5.8102e-07
2.29e-06
2.4271e-07
6.61e-07
-1.29e-06
-3.61e-07
-1.121e-06
-2.005e-06
2.41e-07
-5.58e-07
-5.58e-07
-1.57e-06
-1.193e-06
-3.79e-07
-5.85e-07
2.949e-06
-2.12e-06
-2.97e-06
-4.54e-07
-1.84e-06
-2.24e-06
-4.18e-07
4.9e-07
2.2e-08
-3.72e-07
7.8e-08
-2.72e-06
-1.84e-06
5.31e-08
7.04e-07
-8.048e-07
5.45e-07
2.23e-06
3.91e-07
6.57e-06
1.02e-06
1.19e-06
6.47e-07
7.28e-06
1.09e-06
2.018e-07
-2.38e-06
-1.135e-05
-9.4e-07
3.65e-06
2.3e-06
3.63e-06
-3.78e-06
-5.61e-06
-6.01e-06
4.066e-06
-7.82e-07
1.5e-07
1.64e-06
2.16e-06
-9.3e-07
1.13e-06
1.875e-06
4.57e-07
1.06e-06
3.8e-07
5.2e-08
1.298e-06
5.14e-07
-1.46e-06
1.556e-06
3.23e-07
-7.23e-07
2e-07
-3.93e-07
1.206e-06
-9.12e-07
-1.634e-06
-1.073e-06
9.52e-07
-2.642e-06
-8.16e-06
-6e-07
-4.33e-07
-3.78e-06
-8.76e-07
-2.37e-06
-9.16e-07
-6.79e-07
-1.27e-07
-3.3e-07
-1.78e-06
-2.37e-06
-1.53e-06
-2.03e-06
-1.827e-06
2.8e-08
-1.82e-06
2.79e-06
-3.58e-06
-2.229e-06
-1.601e-06
1.93e-06
-2.7e-07
1.056e-05
1.5e-06
2.19e-06
-5.27e-06
-5.75e-06
-6.48e-06
3.31e-06
3.43e-06
9.4e-06
5.46e-06
1.4e-07
-5.61e-07
1.02e-06
-9.26e-07
6.1e-07
1.135e-06
1.408e-05
6.581e-07
1.687e-06
-9.16e-07
-9.1e-07
3.94e-07
1.96e-06
-1.45e-07
-1.92e-06
-1.8e-08
-7.504e-07
-2.99e-07
-1.42e-07
1.49e-06
4.37e-07
-1.14e-06
1.003e-06
-1.201e-06
-3.57e-07
-4.26e-06
-2.57e-06
3.35e-07
-3.32e-07
-1.1189e-06
-4.4e-07
1.76e-06
4.44e-07
-4.14e-06
-8.21e-07
7.53e-07
2.69e-06
1.755e-06
1.136e-06
9.28e-07
1.79e-07
-2.07e-06
-3.16e-06
-1.38e-06
2.9e-06
6.36e-06
-2.29e-06
-1.613e-06
1.49e-07
9.44e-07
-4.28e-06
1.72e-06
6.32e-06
2.21e-06
-4.22e-06
-3.43e-06
-4.01e-06
5.96e-06
-7.68e-06
3.62e-06
2.35e-06
-1.71e-06
-1.216e-06
-1.26e-06
-2.99e-06
-3.48e-06
-4.57e-06
2.14e-06
7.16e-07
1.18e-06
-2.32e-07
-2.206e-06
-1.78e-06
6.5e-07
5.46e-07
3e-07
2.41e-07
1.75e-06
-7.362e-07
-4.7e-08
-7.5e-08
1.073e-06
-7.3e-07
7.32e-06
2.99e-06
3.42e-07
-8.834e-07
-1.76e-06
1.978e-06
-4.47e-08
6.39e-07
-4.313e-07
6.2e-07
-1e-08
-7.8e-07
-1e-06
1.017e-06
1.85e-06
1.49e-06
1.31e-06
-1.337e-06
-4.5e-07
1.86e-06
2.49e-06
5.75e-06
7.9e-07
-1.403e-06
-2.53e-06
3.8e-06
-3.11e-06
6.5e-08
2.68e-06
-2.07e-06
3.82e-06
-3.59e-06
1.75e-06
-6.54e-06
-5.49e-06
1.68e-06
-2.29e-07
2.58e-06
6.4e-07
-3.216e-06
-2.93e-06
-7.23e-06
-1.55e-06
1.328e-06
-2.7e-08
5.14e-07
3.42e-06
2.56e-06
6.13e-07
-3e-07
-7.47e-07
-1.91e-07
-5.68e-07
-4.871e-07
3.1e-07
1.045e-06
8.44e-07
-1.27e-06
-3.97e-07
-4.51e-06
4.167e-06
1.496e-06
-2.76e-06
3.515e-07
2.517e-06
-5.8e-08
-7.17e-07
-2.97e-07
5.41e-06
-1.28e-07
9.04e-07
-3.21e-06
1.291e-06
2.17e-06
-1.09e-06
2.35e-06
2.4e-06
1.1235e-06
1.7e-07
2.541e-07
-3.24e-06
1.11e-06
1.68e-06
2.03e-06
-5.305e-06
-7.4e-07
-3.54e-06
-2.3e-07
-5.11e-06
4.21e-07
-1.681e-06
1.65e-06
-1.2564e-05
1.91e-06
-1.64e-06
-2.26e-06
3.46e-06
6.5e-07
-1.05e-06
-3.88e-06
-8e-07
-4.8e-07
1.0094e-06
2.67e-06
-1.15e-07
-4.4e-08
-3.66e-07
6.49e-07
-8.16e-07
1.7891e-06
2.36e-06
-7.4e-08
-6.95e-07
4.2726e-07
-1.04e-06
-1.775e-06
-8.8e-07
1.067e-06
3.228e-06
6.872e-06
