-7.7546e-05
-0.0003786
-0.00011856
0.00012916
3.1879e-06
-0.00022018
-2.7291e-05
0.00014423
-3.6926e-05
-9.4296e-05
-0.00015121
6.6068e-05
9.1533e-05
9.0798e-05
2.1978e-05
-3.063e-05
-2.6766e-05
-0.00019616
-8.7155e-05
0.0002797
0.00018302
0.00019246
6.541e-05
-6.0428e-05
-1.229e-05
-0.00038473
-0.00017189
9.3495e-05
0.00049724
0.0005615
-0.00035199
0.0001425
7.8639e-05
0.00029944
7.6703e-05
0.00063352
0.00010922
0.0002534
-0.00015544
0.00015163
-0.0002553
-5.5377e-05
0.00018803
0.00010247
0.00015667
2.9425e-05
-0.00024743
-8.9928e-05
-0.000102
4.4944e-06
0.00018146
9.2294e-05
5.5964e-05
-1.0215e-05
-0.00030678
-0.00011022
3.861e-05
-0.00042695
-0.00035411
-0.000229
-5.4339e-05
-3.0597e-05
0.00019676
1.2083e-05
-0.00027372
-6.6906e-05
0.00021721
-4.3598e-06
5.4914e-05
0.00018567
8.0038e-05
-6.8822e-05
-4.7488e-05
2.8777e-06
-1.8289e-05
3.2706e-05
0.00038869
0.00024968
-0.00059433
9.9709e-05
-8.3483e-05
-0.00012438
-5.8308e-05
-5.7443e-05
0.00049916
-3.2751e-06
-0.00027768
0.00042447
-0.000323
-0.00056576
0.00021796
-8.783e-05
0.00055441
-0.00045929
0.00044013
-3.4588e-05
-0.00024519
-4.2132e-05
0.00015054
5.7005e-05
4.0449e-05
-2.8256e-05
4.9846e-05
9.2333e-05
5.5745e-05
-4.9227e-05
-4.8442e-05
6.9555e-05
2.3473e-05
-0.00010593
-2.7649e-05
7.6745e-05
2.0958e-05
-8.1517e-06
-2.5295e-05
0.0001329
0.00024471
-0.00015367
0.00024078
-5.3449e-05
-1.2561e-05
0.00028355
1.8034e-05
-0.0001158
-2.7054e-05
0.00018821
4.5936e-05
-2.9408e-05
0.00033765
5.1374e-05
2.9338e-05
4.0056e-06
6.2672e-05
0.00010389
5.2137e-06
2.5034e-05
0.00029612
-0.00033173
0.00021946
0.00010778
-6.0544e-05
-0.00020792
0.00016036
0.00011807
-0.00042353
0.00063534
0.0007527
-0.00016236
-0.00050952
0.00010388
0.00032976
-0.00056173
-0.00051912
0.00036808
0.00019868
-0.00046759
-6.8332e-05
8.7537e-05
4.2101e-05
-8.938e-05
-6.9577e-05
-7.5638e-05
5.4985e-05
0.00011251
-8.5699e-05
-0.00014638
0.00023967
-8.4795e-05
-0.00011817
-2.6097e-05
0.00013443
-7.7763e-05
-6.6541e-05
-6.7959e-05
0.00021175
-0.00050726
-0.00012911
0.0003428
-7.5315e-05
3.7689e-05
0.00054538
-2.018e-05
-0.00019118
-2.2021e-05
0.00026931
-1.9645e-06
-2.1524e-05
-9.5533e-06
0.00020062
0.00017593
0.00016792
0.00019253
0.00017229
-7.7691e-06
-0.00030375
-5.9099e-06
0.00032129
0.00064951
0.00020589
-4.9969e-05
-0.00021683
6.1829e-05
-0.00053285
-0.00016952
0.00087461
0.00070054
-0.00065057
-0.00016375
-0.00043771
-9.1577e-05
-0.00099883
4.0086e-05
0.0009018
0.00015723
-0.00044429
3.7633e-07
-0.00068486
-8.8427e-05
0.00012635
6.4264e-05
1.0065e-05
0.00012146
6.6172e-05
-0.00015866
-0.00014383
5.1402e-05
-0.00011785
-9.8264e-05
-0.00017063
0.00032097
-0.0003143
-8.8218e-05
-0.00016278
0.00026879
-0.00058127
0.00045092
0.00035
-0.0002937
2.1456e-05
0.00044401
-1.2135e-05
-9.9926e-05
4.3357e-07
0.0007286
-2.7339e-05
-0.00010588
2.9291e-05
-6.937e-05
5.3702e-06
0.00024143
0.000127
0.00022997
-6.6352e-05
-0.00055923
-0.00019665
-0.00016149
0.00057835
-3.7032e-05
6.308e-05
-0.00018973
6.451e-05
-0.00022804
-0.00051683
0.00074669
0.00020077
-0.0006337
-0.00045848
7.9677e-05
-0.00028104
-0.0007404
-2.9537e-05
0.00088422
-1.8093e-05
-0.00015697
-4.894e-05
-0.00012757
-0.00021178
5.8115e-05
3.9771e-05
4.7044e-05
5.7739e-05
0.00021323
-6.4141e-05
-0.00010847
-0.00018545
-4.8298e-05
2.3588e-05
-2.2345e-05
0.00044588
4.1314e-05
-6.1057e-05
-0.00011863
0.00030925
-0.00014939
0.00047107
6.3746e-05
-0.00025492
4.2593e-06
0.00019586
-5.9547e-05
-0.00023812
9.0506e-06
0.00051756
1.1441e-06
-1.6482e-05
-3.3636e-06
9.6489e-05
2.1437e-05
6.7994e-05
2.0209e-05
0.00022703
-1.1323e-05
-0.00021666
-0.0001474
6.368e-05
0.00010708
-0.00068491
0.00062493
0.00042259
2.2168e-06
-0.00046175
-0.00035707
0.00058056
-1.4909e-05
-0.00076886
0.00075947
-0.00040291
0.00021042
-0.00011024
0.00014491
0.00045014
-0.00093293
0.00094308
0.00010143
9.587e-05
-3.2067e-05
8.4745e-05
-7.8012e-05
-0.00011811
0.00019946
0.0001148
-9.1873e-05
-0.00010265
7.7192e-05
-6.8481e-05
-0.00024576
-3.6912e-05
0.00013405
-2.8247e-06
-0.00014867
-3.6479e-05
2.9338e-05
-0.00018632
-6.7289e-05
-0.0001652
-0.00023493
5.6271e-06
8.233e-05
-7.9755e-05
-3.4586e-06
3.5283e-05
1.8581e-05
-0.00013213
-6.8792e-05
1.3956e-05
-6.4013e-05
-1.5258e-05
-4.1419e-05
0.00016439
5.0715e-05
-0.00015328
-9.5294e-05
6.777e-05
6.3792e-05
-2.5053e-06
-0.00053034
0.00050675
0.00032807
-7.7143e-05
-9.3444e-05
0.00032571
-0.00015805
-0.0011983
0.0001229
0.0010598
4.9212e-05
-0.00020413
5.1644e-05
5.9147e-05
0.0001165
-0.00036907
0.0011306
-7.2024e-05
0.00012018
-0.00020284
3.5072e-05
5.3784e-05
0.00023776
6.3677e-05
-2.6527e-05
-0.00012948
1.4261e-05
4.2028e-05
-0.00010022
-7.2283e-05
4.2657e-05
1.268e-05
-2.7006e-05
-0.00023696
3.4679e-05
-7.6474e-06
0.00023598
-0.00011014
0.00013864
-7.9558e-05
-4.9346e-05
-1.2733e-05
-1.6615e-05
6.6425e-05
8.7668e-06
3.0793e-05
-1.1919e-05
4.8504e-05
-9.1512e-05
-7.2116e-05
-5.0947e-05
6.6364e-05
6.3587e-05
-1.0543e-05
-0.00013268
-4.6118e-05
0.00024617
-0.00039773
0.00014762
0.00014424
-1.1644e-05
2.9485e-05
-0.00013652
6.957e-05
0.00021094
-0.00038767
0.00035658
-0.00045923
1.2576e-05
-0.00042871
-0.00023443
0.00083979
-0.00038897
0.00043118
-5.1987e-05
-6.2169e-05
-6.0621e-05
4.2468e-05
-5.5549e-05
7.0009e-05
-6.5969e-05
-4.1654e-05
4.3176e-05
1.0144e-05
-0.0001116
1.2742e-05
-5.2107e-07
-3.8762e-05
0.000185
3.5645e-05
-7.4259e-06
-1.3107e-05
-8.7268e-05
-6.0122e-05
0.00010817
0.000284
0.00044705
-0.00025242
-4.4559e-06
-4.8337e-05
-6.2543e-06
-8.2255e-06
-1.9851e-05
-6.2452e-05
-0.00017807
7.391e-07
2.5296e-05
0.00010434
-6.1287e-05
-4.7799e-05
-2.6678e-06
-0.00010308
-6.3032e-05
-7.0527e-05
0.00078715
4.3078e-05
-0.00021627
-0.00030641
-0.00013554
-1.6906e-05
0.00020799
0.00032236
0.0002427
-0.00052876
-0.0012193
-0.0011193
-0.00034186
0.00030744
0.00098054
0.0013455
0.00062453
-0.00016221
6.9828e-05
-0.00010079
0.00027205
0.00048799
0.0012784
0.00018047
-1.2221e-05
2.9141e-05
4.1228e-05
-0.00014576
-3.854e-05
0.00023004
0.00022877
0.00012431
-7.7022e-05
-7.7116e-05
-0.00016128
-0.00049956
4.4519e-05
-6.5446e-05
4.0348e-05
-0.00012674
-0.00050752
-0.00075781
0.00014877
-0.00012406
3.7272e-05
0.00030326
3.1423e-05
-2.1277e-05
-2.1214e-05
-0.00045803
-5.2717e-05
0.00018898
0.00034322
0.00030713
9.2536e-05
4.2191e-05
-0.00023538
-0.00029494
-5.461e-05
0.00080229
0.00044041
0.00045575
0.00033636
-0.00028959
-0.00029152
-0.00051586
0.000596
-3.7333e-05
0.00027123
0.0011296
-0.001655
-0.00054615
-0.00032855
0.00088414
-0.00027025
0.00039488
0.00030049
0.00031263
-0.0001084
-0.00024076
-0.00013533
0.00036788
0.00039807
0.00018345
-0.00013775
3.8196e-05
-0.0001312
-0.00038002
-0.00024678
3.3445e-05
0.00051299
-0.00011879
-3.73e-05
4.9773e-06
-0.00048108
-0.00029168
-0.0001055
6.2817e-05
0.00013034
-0.00060262
-0.00046314
0.00035878
-0.00020022
-1.192e-05
0.00022805
5.9587e-05
7.362e-05
5.5579e-05
0.00030382
-2.6443e-05
-3.1875e-05
-9.7774e-07
0.00015902
0.00012414
5.4552e-05
0.00013243
5.0873e-05
-6.2217e-06
-0.00055221
0.00018912
-5.7069e-05
0.00045564
4.0383e-05
2.8927e-05
-0.00038487
0.00057703
-0.00037142
-8.5362e-05
0.0007838
0.001291
-0.00043247
-0.00019734
-2.1016e-05
-0.00025834
-0.00045916
-7.8887e-05
0.00099088
-3.6561e-05
-0.00050764
-0.00017698
-0.0009341
-0.00031279
8.6816e-05
1.0064e-05
1.8612e-06
0.00015993
-3.1883e-05
-2.3483e-05
-0.0001217
-0.00017044
1.0661e-05
-1.8995e-05
1.7832e-05
0.00010404
-0.00035068
0.00015059
-0.00023151
0.00018862
-4.6304e-05
-7.4892e-05
0.00019474
-0.00018744
-4.5529e-05
-4.03e-05
-2.3198e-06
-0.00011592
8.0898e-07
0.00044652
-3.0273e-05
-0.00017818
-4.9674e-05
-4.607e-05
4.8485e-05
8.0208e-07
0.0002133
0.00029405
6.5315e-05
-0.00075734
-0.00012107
-6.7955e-05
0.00041417
0.00028293
3.5094e-05
0.00057618
-3.5606e-05
-0.00014066
-0.0001244
-0.0005358
0.0013214
-0.00030235
0.00010823
3.4706e-05
4.0802e-05
-6.235e-05
-3.8033e-07
0.00055405
4.3441e-06
-5.0504e-05
1.7006e-05
-0.00030573
-0.00020509
7.2296e-05
2.6829e-05
-0.00017836
-2.9475e-05
0.00014561
0.00010104
-0.0001772
-0.0001948
8.1844e-05
-2.6968e-05
-7.2999e-05
0.00010556
5.7752e-05
-4.3132e-06
-0.00018774
-0.00017365
-0.00034558
2.6075e-05
-0.00044959
-7.5175e-05
-3.1694e-06
-0.00026467
-7.7168e-06
-6.1612e-05
-1.8686e-05
5.1072e-05
-0.000136
-1.9305e-05
-0.00021053
-0.00025079
-0.00010884
-5.5439e-05
5.3982e-05
0.00012785
7.1997e-05
-9.8525e-05
-0.00019328
-0.00046101
-0.00041539
-0.00074372
0.00040356
0.0012168
0.00064213
-1.0755e-05
-0.00030282
-0.0016187
-0.00078986
-0.0011471
0.0010705
0.0024487
0.00095734
-1.5267e-05
-9.3091e-05
0.00012844
-0.00019449
0.0013929
0.00036211
0.0010325
0.00029402
-7.8143e-05
-8.56e-06
-5.8284e-06
0.00016476
0.0001813
9.8731e-05
1.1939e-05
-0.00028147
-5.5667e-05
-8.3112e-05
4.7911e-05
-0.00010109
-0.00011444
-8.9551e-05
4.2243e-06
-0.00066797
-0.00042863
-0.00062879
-1.4045e-05
3.6078e-05
1.9121e-05
-1.0463e-05
-2.5882e-05
0.00017124
3.9426e-05
4.5411e-05
-0.00010821
-2.8444e-05
1.1422e-05
-3.169e-05
-5.9972e-05
0.00020573
-5.7123e-05
-0.00010516
-0.00020508
-0.00034855
4.1385e-06
0.00011731
3.5935e-05
-0.00047857
2.231e-05
-3.5156e-05
-4.6563e-05
-0.00067314
-0.00023204
0.00026809
-0.00034633
0.00019134
0.00041959
0.0001538
-0.00015787
5.5011e-05
0.00016018
0.00028786
-7.5816e-05
0.00073957
0.00024868
6.9147e-05
-0.00012662
-8.8487e-05
-1.7557e-05
0.00015591
-4.1238e-05
9.7166e-05
6.8824e-05
6.6923e-06
-4.9005e-05
-0.00013934
2.6606e-05
6.658e-05
1.247e-05
-8.7277e-05
4.7632e-07
4.6587e-05
-2.3086e-05
8.1065e-05
0.00022286
0.00030943
-9.2705e-05
-4.6707e-05
1.7363e-05
-1.4704e-05
5.9505e-05
-1.7949e-05
0.00013985
3.8998e-05
3.2536e-05
-1.4444e-05
-0.00012266
3.6303e-05
-4.5777e-05
-1.5297e-05
8.636e-05
0.00011352
-0.00010624
5.0536e-05
-0.00051397
4.9258e-05
7.9667e-05
-0.00016843
0.00011628
4.3295e-05
-0.0002443
0.00020746
-4.2242e-05
0.00014537
-0.00017859
-0.00018248
0.00032051
0.00011022
0.00039439
-0.00025515
-0.00021545
3.4302e-05
0.00067133
8.2915e-05
0.00019185
-6.1722e-05
-0.0001016
-3.9023e-07
-0.0001147
-6.4868e-06
5.5808e-05
-0.00012251
-0.00013116
-0.00015611
-5.9338e-05
0.00024089
-9.0291e-05
5.2396e-05
3.0385e-05
2.6689e-05
-6.1209e-05
3.0321e-05
0.00025603
-0.00036727
0.00018774
-0.00025011
4.6498e-06
0.0002462
3.3171e-05
-0.00010691
0.00013549
0.00038014
-1.6474e-05
-0.00024501
-0.00020034
7.6095e-05
0.00016785
0.00024782
0.00025354
6.9165e-05
-0.00015
-0.0007676
-0.00058736
0.00063074
0.00066905
-7.554e-05
0.00026439
-0.00012396
-0.00045656
-0.0011502
-0.0010059
0.0030889
-0.00106
-0.00022289
9.5022e-05
-0.0016809
-0.00066705
-0.00069882
0.0003481
0.00095211
-0.00016874
8.6778e-05
-0.0002629
-0.00051576
-0.0001939
2.7126e-05
7.4705e-05
0.00053355
0.00091539
0.00029301
-0.00021385
-0.00013475
-0.00010135
-1.7183e-05
1.6261e-05
0.00038114
0.00067255
-9.0315e-06
-0.00013701
-0.00012525
4.7287e-05
0.00025833
0.00066294
-0.00027644
1.9454e-05
-1.222e-05
1.4748e-05
-0.00014268
-2.636e-05
8.2784e-05
0.00034603
-0.00011301
2.6569e-06
-8.9573e-06
-0.00027382
-0.00021594
9.8432e-05
0.00047214
-0.00011588
-0.00013748
-0.00031169
-0.00024033
-0.00050853
0.00070244
0.00018431
-6.3547e-05
-0.00023491
0.00069789
-0.0014125
-0.00069493
0.00016219
0.0020227
1.0288e-05
-0.00010427
0.00058673
0.00020347
-0.00089554
-0.00043989
0.0011912
0.00016003
0.00010044
8.3194e-05
0.0004612
-0.00069089
-0.00047556
-0.00033992
3.4299e-05
0.0002365
0.00024649
3.1585e-06
-2.2263e-05
-7.9313e-05
-0.00018655
-6.8333e-05
-6.3837e-06
0.00037699
8.6849e-06
-1.5686e-05
-4.4365e-06
0.00021933
6.1493e-05
-0.00019717
0.00014065
-9.6738e-05
2.4937e-05
-3.8311e-05
2.9463e-05
-0.00033687
-2.4238e-05
0.00010291
4.6496e-05
0.00018797
-2.4863e-05
-0.0001119
-0.00025385
-0.00015975
3.5481e-05
0.00012453
0.00027816
0.00054695
-0.00048263
-0.00029935
0.00013621
-0.00041899
-0.00020681
0.00014621
0.0009954
-0.0020933
4.2015e-05
0.00058772
3.9712e-05
-0.0010865
-0.0017111
0.00087832
0.0023713
-0.0010093
6.7031e-05
-5.4738e-05
-9.7143e-06
-0.00073482
0.00025775
0.00098991
0.00040597
2.5743e-06
2.4122e-05
-0.00012548
3.6116e-05
0.00029783
0.00020366
0.00020424
0.00035548
1.9724e-05
-0.00011391
-7.5926e-05
8.4455e-05
5.5053e-05
-6.2901e-06
3.6675e-05
0.0002164
0.00010493
-0.00012702
-0.00027367
-4.2116e-05
-6.7831e-05
0.00021315
2.5062e-05
-7.011e-05
-0.00017854
-0.00013541
-2.8287e-05
-2.5899e-06
-6.2416e-05
0.00030572
2.0548e-05
-0.00015539
-0.00025472
-7.1831e-05
8.8471e-05
-7.4938e-05
-3.4795e-05
0.00022098
0.00036993
-0.0001455
-0.00042644
-0.00033772
0.00051723
0.00020117
-0.00016163
0.00098441
-0.00021324
-1.3186e-06
-0.0016381
0.0012259
0.00063491
-4.7694e-05
-9.2086e-05
0.00073317
5.6793e-06
-0.00077814
-0.00062593
0.00063901
9.5122e-05
8.4214e-06
6.0605e-05
-4.7678e-05
-4.2885e-05
0.00012327
0.00013945
-7.3701e-05
4.0007e-05
4.3511e-05
-2.5009e-06
-0.00014591
0.000145
2.6181e-05
-3.0814e-05
-0.00012635
0.00010548
0.00028374
-0.00039195
-1.0118e-05
-0.00020612
-1.7168e-05
0.00050581
3.4339e-05
-1.9301e-07
3.7855e-05
0.00033843
2.7156e-05
-0.00028648
-0.00010259
0.00022271
3.5693e-05
0.00014953
0.00021907
-9.3229e-05
-0.00021608
-0.00082891
-0.00017868
-5.1412e-05
0.00089934
0.00094978
-0.00013913
-0.00057808
-0.00037659
-0.0006836
-0.00032227
0.00026997
0.002564
-0.00019687
-0.00036715
-0.00073924
-0.0022168
-0.00018255
7.0949e-06
0.00099857
0.00032323
3.0143e-05
-0.00014022
-0.00074198
-0.00041223
0.00069139
0.0002038
7.2016e-05
0.0001416
-6.6895e-05
-6.2228e-05
-0.00019094
0.00062746
0.00022414
-5.1619e-05
-3.1402e-05
-0.00015218
-3.7246e-05
-5.6326e-05
2.9837e-06
0.00080994
-0.0001217
-5.384e-05
0.00015866
-0.00027746
1.7263e-05
6.6515e-05
5.4747e-05
0.00021117
-4.0129e-05
-2.7711e-05
-6.6481e-05
-6.2124e-05
9.2605e-06
0.00011201
7.2751e-05
9.7605e-05
-0.00010886
-6.0435e-05
-7.7483e-05
0.00040574
0.00018247
7.8867e-05
-4.9321e-05
-0.00031672
-8.4572e-05
-8.968e-05
-5.6584e-05
0.00022361
0.00026774
-0.00013807
-0.00026606
-0.00022064
-0.00022467
6.1591e-05
-0.00011458
0.00038595
0.00011005
0.00022978
-1.4236e-05
-4.6074e-05
-7.7462e-05
-0.00010352
4.7269e-05
0.00019238
0.00017835
9.7134e-05
2.4563e-06
-4.4257e-05
-0.0001427
-0.00013105
-1.8569e-05
5.287e-05
-0.00010318
2.2458e-05
1.2763e-05
-0.00011084
-7.5764e-05
7.9263e-06
8.0542e-05
0.00017639
6.7924e-06
3.2263e-05
5.0029e-05
-2.785e-05
-8.9281e-06
-1.341e-05
0.00015251
-7.1605e-05
2.7566e-05
-2.8463e-05
4.0542e-05
0.000116
2.8952e-05
0.00013698
-2.5852e-05
-8.6884e-06
-3.483e-05
-8.3858e-06
0.00035745
7.0955e-05
-0.00018913
6.1548e-05
-0.00015582
-7.3779e-05
0.0001014
0.000215
-0.0010937
-0.00056812
-0.00016487
-3.1056e-05
-0.00023158
2.7163e-05
1.9057e-05
0.00099426
0.00010434
-0.00012531
-6.1648e-05
-0.00014034
0.00019941
2.4929e-05
0.00049856
9.7427e-05
-7.0954e-05
0.00011436
2.4474e-05
-4.3142e-06
0.00012055
0.00010027
4.3186e-05
1.6038e-05
4.706e-05
5.1626e-05
-8.0908e-05
-9.0777e-06
9.7607e-05
-8.5399e-05
5.2037e-05
-3.8373e-05
5.6597e-05
-0.0002539
0.00027052
-0.00012112
-1.8524e-05
8.173e-05
1.1911e-05
-0.00019954
6.9459e-05
0.00011846
5.0085e-05
1.7123e-05
3.5018e-05
0.00018921
0.00019482
1.8954e-05
-8.7187e-06
1.6149e-05
3.7966e-05
4.7703e-05
-0.00024447
0.00049709
0.00028383
7.4023e-05
-8.4877e-05
-0.00013085
0.00011774
-0.00091248
-0.00085998
0.00032181
-0.00056089
-0.0001602
-9.108e-05
1.8417e-05
0.00024491
-0.00075804
0.00027554
0.00011304
-3.2575e-05
-0.00016824
3.9511e-05
0.00023527
-5.6472e-05
6.7771e-05
9.0455e-05
-4.4743e-05
0.00022362
6.1577e-05
3.3048e-05
4.4977e-05
-2.1956e-05
-1.2089e-05
-4.099e-05
4.1701e-05
0.00032514
0.00011125
1.4447e-05
-1.4947e-05
5.0686e-05
0.00028769
0.000284
0.00021692
-2.3899e-05
9.6142e-05
-6.7911e-05
2.0828e-05
-0.00018536
3.5044e-05
8.3128e-05
1.3157e-05
5.9627e-05
8.9053e-05
-6.2292e-05
-5.5799e-05
0.00016386
0.00042826
0.00017037
-3.5033e-05
-0.00027517
-0.00019322
-0.0002628
0.00025104
0.00017083
0.00020842
0.00046505
2.9328e-05
-0.00013814
-9.0729e-05
-0.00096292
4.3466e-05
0.00035701
-0.00016391
0.00052343
-0.00010425
-8.5346e-05
-0.00049056
-0.00036752
0.00018062
-0.00014858
0.00020446
-0.00021255
-7.1545e-05
7.9863e-06
-0.00013822
0.00018576
0.00020068
-7.0332e-05
-5.7126e-05
-9.0844e-05
3.1737e-05
-2.3668e-05
4.4865e-05
0.00022094
0.00016942
-6.6092e-05
2.2266e-05
-1.3446e-05
0.00011615
0.00020426
-8.296e-05
-1.5379e-05
-4.6254e-05
4.3152e-05
7.1913e-05
-8.4318e-06
-7.9012e-05
-4.6129e-05
0.00014206
4.3094e-05
-5.7817e-05
2.7546e-05
7.7161e-05
-2.4003e-05
-1.5199e-05
-0.00010203
5.961e-05
5.2673e-05
-3.3159e-06
0.00023348
0.00014219
0.0001249
-7.3782e-05
-5.5535e-06
-0.00011037
0.00011988
0.00017572
0.00090434
0.00040173
-0.00019542
-0.00018064
-0.00033221
3.9548e-05
2.5657e-05
1.6394e-05
0.0001811
-5.8894e-05
-6.0113e-05
-0.00033537
-2.7806e-05
-0.00010239
-4.4579e-05
8.6956e-05
-7.7803e-05
-0.00011656
-0.00011666
-3.2266e-05
-2.9584e-05
7.0943e-05
0.00011199
-2.9042e-05
-0.00010518
-0.00011325
-7.1328e-06
1.253e-05
-9.6632e-05
0.00012707
0.00012515
-0.00014457
-0.00014951
-0.00010788
-6.5756e-05
1.7984e-05
-2.1032e-05
7.5211e-05
-0.00015726
-3.4395e-05
-0.0001109
-1.2712e-05
9.7099e-06
9.4765e-05
0.0003506
0.00014376
-7.5082e-05
-8.1628e-05
-4.5307e-05
3.327e-05
0.00031952
0.00046317
0.00022848
-0.00018564
-0.00031022
0.00025442
-0.0002072
-7.2522e-05
0.00023876
0.00018692
0.00013504
-0.00084477
0.00018972
4.8428e-05
-0.00026619
0.00022398
6.2942e-05
0.00021026
-0.00096339
3.1456e-05
1.9059e-05
-9.2276e-05
-0.00010014
0.00020652
0.00025109
0.00020506
-0.00015929
-5.9259e-05
2.4769e-05
2.7026e-05
-1.559e-05
9.4308e-05
0.00013911
0.00014651
-0.00011325
6.36e-05
1.7956e-05
3.2064e-05
-5.5223e-05
3.603e-05
0.000187
-0.0001377
0.00026551
-0.00011797
1.1381e-05
6.6229e-05
3.7928e-05
-0.00021617
2.9719e-05
4.9466e-05
5.0629e-05
-2.9761e-05
0.00018185
6.9615e-05
-5.1278e-05
-3.8461e-05
0.00021552
0.00019264
-5.9075e-05
6.6733e-05
-0.00016469
-8.9695e-05
0.00041578
0.00047854
0.00011345
7.8306e-05
0.00015606
-0.00036423
-0.00030693
-0.00050842
0.00064089
-0.00040547
-0.00060009
0.00034033
0.00020834
-0.0004992
4.5178e-05
-0.00013158
0.00029204
-0.00022691
8.3362e-05
4.565e-05
-3.8179e-05
-4.1074e-05
-0.0001661
2.2639e-05
0.00023501
6.6483e-05
-5.371e-05
-4.2859e-05
-8.8511e-06
-3.8414e-05
-6.7103e-05
2.6528e-05
0.00018415
6.0354e-06
-0.00012314
-2.3072e-05
0.00017538
4.2253e-06
3.0711e-05
0.00023961
3.8264e-05
-2.6273e-05
0.00016081
-2.9646e-05
-0.00037507
3.5439e-06
0.00023455
4.6409e-05
-6.104e-05
5.841e-06
-4.8392e-05
-0.00019069
5.4927e-05
0.00017096
0.00010927
5.0364e-05
0.0001002
-2.8736e-06
-5.506e-05
5.5765e-05
-0.00015141
-0.00028291
3.4301e-05
0.00013831
2.1271e-05
-0.00016133
0.00038877
-1.5445e-05
-0.00075894
-0.00089642
0.00024307
0.00013927
0.00011238
2.0095e-06
0.0001122
-0.00013053
-0.00031092
0.00021154
0.00020106
5.7486e-05
9.3295e-05
-6.0982e-05
-5.6387e-05
-0.00013702
0.00010256
-1.5882e-05
-7.9151e-05
2.1482e-05
7.2062e-05
-5.0787e-05
-6.1635e-05
3.1017e-05
7.3662e-06
-6.5343e-06
9.0332e-05
0.00010603
0.00038665
0.00059623
-0.00013931
4.0833e-05
3.3869e-06
3.5445e-05
-5.8643e-05
-0.00013912
-8.4243e-05
6.8344e-05
-1.4023e-05
-2.4102e-05
1.5816e-06
-9.8845e-05
-0.00014249
-0.00013608
-1.8504e-05
0.00011303
1.3252e-05
0.00013419
3.0534e-05
-0.00027883
-5.2966e-06
-0.00037274
0.0001767
0.00050427
0.00010038
2.9076e-05
-0.00060987
-0.00025492
0.00014324
-0.00018254
8.4263e-05
0.00055517
0.00022294
-0.00043415
-0.00010805
0.00058218
-0.0001313
0.00076138
0.0001182
0.00021941
0.00015666
-4.6004e-05
-8.781e-06
-0.00014537
8.6404e-06
0.00020098
0.00026383
3.3067e-05
6.1797e-05
-4.8309e-05
-0.0003004
-5.213e-05
3.9637e-05
0.00018863
-0.00028893
-8.1869e-05
8.0716e-05
-0.00033858
4.5563e-05
6.9295e-05
3.0226e-05
4.3353e-05
-8.2912e-05
1.1401e-05
7.7169e-05
-1.6696e-05
-1.4362e-05
1.1055e-07
0.00016956
0.00020031
0.00016589
7.3048e-05
-6.4267e-06
6.2941e-06
-3.208e-05
-0.00011668
0.00028001
-2.3482e-05
8.9234e-05
3.8496e-05
-1.2862e-05
-1.1906e-05
-0.00038616
-0.00015121
-0.00035774
-8.8592e-05
0.00013846
-4.5027e-05
-4.4849e-05
0.00014857
-0.00070147
-0.00043574
-2.8792e-06
8.3503e-05
-1.8963e-05
-2.2868e-05
0.0001351
1.1442e-05
-0.00044667
0.00040551
4.2599e-05
3.889e-06
5.5249e-05
2.782e-05
3.1554e-05
-3.5465e-05
0.00021532
0.00035882
4.0659e-05
-3.4599e-05
-5.4748e-05
-1.2531e-05
-2.8155e-05
0.00011384
0.0001019
8.533e-05
0.00019217
0.00021282
0.00034838
8.9904e-05
4.0258e-05
-5.8787e-05
-2.4541e-05
4.735e-05
0.00011172
7.9863e-05
0.00010939
0.00018051
0.00020317
7.3506e-06
-7.3182e-05
5.235e-05
0.00012998
0.00026683
0.00014626
0.00024015
0.00012734
-0.00020812
-0.00013281
-0.00014483
0.00015767
0.00019732
-5.0559e-07
0.00027051
-0.00054615
-0.00019277
-0.00050176
-0.00012136
0.00052323
0.00011936
-0.00021809
-8.2751e-05
-7.5137e-06
-0.00030604
-0.00024619
-0.00033063
0.00045867
-0.00015121
-5.0708e-05
-5.0174e-05
-2.234e-05
-9.7171e-05
0.00010962
0.00020691
-5.7119e-05
-0.00018509
-8.6506e-05
-2.6832e-05
6.4158e-05
4.4101e-05
-1.0643e-05
7.7675e-05
-3.1139e-05
-0.00014929
-8.5148e-05
1.316e-05
0.0002501
6.1345e-05
-8.2063e-05
6.0908e-05
-4.0855e-05
-1.1084e-05
-9.5266e-06
-3.6648e-05
5.5612e-05
1.6072e-05
7.2746e-05
3.722e-05
-1.3146e-05
-7.1322e-05
5.2618e-05
2.5168e-06
4.5288e-05
1.5554e-05
0.00015954
0.0001437
-0.00017808
-0.00040728
0.00017605
0.00035112
-7.2029e-05
0.00061699
-7.3343e-05
0.00037891
-0.0011378
-0.0011082
0.00034523
-0.0002008
0.00027227
0.00156
-0.00012434
-0.00020328
-0.0009145
-8.2208e-05
-1.9851e-05
9.4894e-06
0.00041751
9.2523e-05
-0.00032574
-7.1622e-05
-1.9675e-05
-0.0001131
9.6831e-05
0.00013938
0.00010586
-1.5872e-05
-8.3949e-05
2.1849e-05
-8.5938e-05
-0.00010117
8.7144e-05
0.0001213
0.00010984
1.3526e-05
0.00019391
0.00024444
0.00021238
4.0485e-05
6.7319e-05
1.8427e-05
8.9012e-05
-8.816e-05
-6.0801e-05
-5.354e-05
-3.245e-05
0.00021644
0.00039811
0.00017754
0.00010769
-0.0002413
-7.4829e-05
-1.0216e-05
9.9122e-05
0.00034242
0.00042143
-1.1896e-05
-7.6002e-05
-0.00049896
0.00022994
0.00023736
0.00034926
0.00024321
0.00068893
-0.00046491
-0.00062524
-0.0008246
0.00026924
0.00046241
4.0008e-05
0.00016787
-9.4257e-05
-0.00046427
-0.00023084
-0.00020129
-5.5552e-05
0.00032867
0.00053541
-0.00011501
-0.00014867
-3.7665e-05
-0.00023536
-0.00016801
-0.00015028
0.00024087
0.00015288
-0.00015573
-1.5064e-05
-7.7363e-05
6.0638e-05
-0.0001306
2.5212e-05
0.00017401
0.00017238
-0.00029458
-0.00045737
0.00015953
-7.7766e-05
-1.9391e-05
-6.6413e-05
3.4076e-05
-0.00013178
1.67e-05
-7.4432e-07
0.0001171
-0.00020912
-1.6887e-05
5.0964e-07
5.3734e-06
-8.5492e-05
-1.621e-05
0.0001891
0.00021369
-0.00041446
-3.7033e-05
-0.00015858
-3.9579e-05
1.5075e-05
0.00036594
6.0776e-05
0.00015095
-5.4409e-05
2.1917e-05
-0.00011413
0.0002353
0.0001713
-0.00067911
3.947e-05
0.00032779
-3.9255e-05
-5.4358e-06
-0.00025307
0.00022142
5.9261e-06
0.00026509
-0.00037575
-9.2218e-05
9.8469e-05
5.9086e-05
-6.371e-05
2.5559e-05
0.00021382
0.00028528
-0.00014542
-4.4205e-05
0.00011518
-3.0252e-05
-4.6513e-05
3.7374e-05
0.00019487
-0.00011666
-7.0921e-05
2.1896e-05
5.0645e-05
0.00015915
-0.00027131
-0.00013537
8.3166e-06
8.1739e-05
-1.2742e-05
-0.00013038
2.3008e-05
6.933e-05
5.069e-05
1.8041e-05
-1.3954e-05
2.8326e-05
-8.3295e-05
-6.0293e-05
7.9389e-05
6.612e-05
0.00027274
0.00025082
1.2412e-05
-0.00023983
-5.306e-05
-0.00017125
0.00026408
-0.00014333
1.2417e-05
1.2851e-05
-0.00047356
-3.0752e-05
-0.00014242
4.7463e-06
-0.00028675
0.00012635
0.00011672
0.00049451
-3.1346e-05
-1.3404e-05
-0.00014088
0.00018529
-4.334e-05
-4.4847e-05
0.00011332
0.00010587
1.7909e-05
0.00019613
7.8474e-05
0.00017142
0.00017944
3.9631e-05
8.253e-05
4.4582e-05
-0.00020572
1.1419e-05
0.00011294
5.3678e-05
-0.00017587
-4.7277e-05
2.8808e-05
0.0002544
-0.00024358
-0.00011727
-0.00031
4.8967e-05
8.6352e-05
-2.9921e-05
-0.00031239
2.0567e-05
0.00013196
-3.6694e-05
0.00016123
4.7421e-05
1.1478e-05
-0.00014901
-0.00012876
1.2212e-05
5.2635e-05
1.1146e-05
0.00085962
-0.00031781
-0.00034222
-0.00010719
5.1663e-05
-0.00015177
0.00042094
0.00014466
-0.00027721
-0.00087947
-0.00027483
-0.00012413
-0.00023524
-0.00026074
3.4864e-05
0.00061376
-6.7633e-05
-0.00022427
-6.6377e-05
-0.0001124
0.00038375
9.4524e-05
0.00077041
0.00052262
-8.8046e-05
-2.8855e-05
-0.00010218
2.7004e-06
0.00018885
0.00017459
0.00031195
0.00018196
-2.4374e-05
-0.00034443
-5.1836e-05
3.9916e-06
0.00039557
-0.00023151
4.553e-05
9.7057e-05
-0.00018732
0.00017479
0.00014195
0.00065933
3.923e-05
4.0734e-05
-3.6387e-05
-0.00012874
2.0612e-06
5.0165e-05
5.6174e-05
0.00044998
0.00016922
2.4978e-05
-0.00022003
-0.00011303
2.5672e-05
8.2022e-05
0.00026673
0.00058059
0.00036146
-0.0006224
-0.00029091
-0.00019399
6.4991e-05
2.6554e-05
0.00012851
0.0006754
-5.744e-05
-0.00028121
-0.00094199
-9.28e-05
0.00078023
-0.00026107
1.5347e-05
0.00015854
-0.00031577
-0.00055079
-0.00017453
0.0001674
-3.9794e-05
0.00012224
0.00049361
-0.00017927
-0.0002512
-0.00026085
-8.5772e-05
-0.00015747
0.00015756
0.0002124
1.814e-05
-0.00020168
-0.00010778
-4.9874e-05
-5.0202e-05
2.7815e-05
0.00022348
6.0158e-05
-5.1315e-05
-0.00014896
5.6468e-05
-0.00045885
0.00020539
2.7212e-05
-0.00047999
-9.0131e-05
-0.00012566
2.9678e-06
-7.0486e-05
-2.2083e-05
0.00010647
-0.00041014
-0.00022127
-4.0148e-05
7.3202e-06
6.2603e-05
0.00016034
0.0003614
-0.00036384
-0.00063852
-0.00051692
0.00021266
-0.00040233
0.00019745
0.0014937
7.238e-05
-0.00064432
-0.0010538
0.00054174
0.00031334
-0.0003852
0.0019801
0.00016416
-0.00063316
-0.00051135
-9.7541e-05
0.0003711
-4.2026e-05
0.00034056
0.0010099
0.00016487
-0.00020014
-0.00016054
-2.5294e-05
0.00019072
0.00039976
0.00012126
0.00022163
-3.0655e-05
-0.00020957
-0.0001534
-1.7098e-05
0.00022054
0.00033323
-8.826e-05
7.624e-05
-8.5768e-05
-0.00029055
0.00027488
-0.00069102
-2.389e-05
-2.2372e-05
-1.0872e-05
-5.9028e-05
2.4377e-05
-2.0629e-05
-4.0506e-05
-9.1977e-05
-1.9763e-05
3.5729e-05
1.6513e-05
-2.5533e-06
9.6267e-05
2.0732e-05
-0.00015552
-5.2581e-06
7.4729e-05
-0.00020271
4.4993e-05
6.1857e-06
0.00035524
-8.3009e-05
-3.1633e-05
7.0157e-05
-0.00029487
0.00018242
0.00026876
0.00041926
0.00032743
-3.127e-05
0.00016084
-0.00080225
-0.001156
0.00025245
0.0003526
6.3367e-05
0.00017612
0.0001348
0.00012805
-0.00065936
-2.7179e-05
0.00017318
5.1992e-05
0.00010018
0.0002287
-2.3493e-05
2.8004e-05
-2.6743e-07
0.0001487
6.8011e-05
3.1672e-06
0.0001076
7.5703e-05
-1.8797e-05
5.1599e-06
-5.8173e-05
-3.9712e-06
9.4895e-05
2.2949e-05
-0.00052809
6.1089e-05
6.7007e-05
-0.00010554
8.2407e-06
-0.00015456
-1.6679e-05
-0.0004547
-0.00013127
0.00031079
9.0903e-05
-7.6583e-05
4.7956e-05
-6.421e-05
-0.00012206
-0.00027497
-4.1724e-05
0.00093804
-5.602e-05
-0.00026903
0.00025396
-9.7555e-05
-0.00019708
-0.00035975
-0.00010296
0.00055827
-0.00052291
0.00076301
0.0008735
-0.00061676
-0.0002067
-0.00053123
-0.00022684
-3.5867e-05
-2.1859e-05
0.00036601
0.0001843
8.1037e-05
-7.869e-05
-4.7308e-05
0.00042346
0.00032775
0.00013977
0.00011874
4.0768e-05
-5.6724e-05
6.7419e-05
9.8987e-05
6.017e-05
0.00013912
1.5108e-05
-8.5184e-06
-8.1883e-05
-9.174e-05
4.836e-05
5.3925e-05
0.0002367
0.00016811
-0.00048878
0.00028938
0.00034808
-2.4607e-05
7.6244e-05
2.0057e-05
-0.00021072
-1.602e-05
-4.7998e-05
9.4246e-05
0.00012929
9.4957e-05
7.2612e-05
-3.4197e-05
-0.00030886
-1.1302e-05
-1.9688e-05
0.000386
0.00017076
0.00024137
-0.00047724
-0.00015805
-0.00022858
-4.0701e-05
-0.00012325
0.00013802
0.0018981
-0.00017945
-0.00035827
2.5491e-05
5.8698e-06
-0.00055551
4.3358e-05
-2.9045e-05
0.00068891
-8.3836e-05
-0.00017821
-0.00010135
-0.00012365
9.9823e-05
-5.4136e-05
0.00056634
6.9763e-06
-0.00010011
-6.7947e-05
-4.4998e-05
-3.1799e-05
-6.2082e-05
0.00012283
-1.1027e-05
-0.00011668
-0.00012337
-0.00011467
-1.7857e-05
-0.00013356
0.00013375
-9.9941e-05
-7.6072e-05
-0.00042304
-0.0003908
-0.00024371
0.0002711
-0.00010267
5.1493e-05
-4.3833e-05
-7.5435e-05
-7.1459e-05
2.8019e-05
-2.5339e-05
6.9825e-05
6.5578e-06
-7.2623e-05
-9.9056e-05
-4.1602e-05
1.8395e-06
0.00012553
0.00036217
4.2744e-06
-9.4468e-05
-0.00029946
-0.00012759
9.1044e-05
-1.9567e-05
0.00026441
1.3758e-05
0.00022132
-0.00054146
-0.00044917
-7.3913e-05
0.0001315
0.00045001
0.00010463
-4.9978e-05
0.00023671
-0.00032597
-0.0003521
7.5792e-05
0.00070394
0.00014085
0.00021989
-1.1522e-05
-0.00011317
-0.00011379
-3.5494e-05
3.884e-05
9.3678e-05
0.00041281
0.00019875
4.0579e-05
-7.6773e-05
-0.00017341
-5.701e-05
-2.0985e-05
3.7959e-05
2.1759e-05
-0.00010986
1.0792e-05
-7.8867e-06
-0.00012668
0.00019899
4.634e-05
1.6013e-05
0.00011402
-6.7456e-06
-6.3694e-05
2.0792e-05
9.7403e-05
-4.8433e-06
0.00011674
-5.6035e-05
-5.0807e-05
1.0183e-05
-9.0588e-05
1.7721e-05
-3.965e-05
4.0551e-05
-0.00046704
-0.00029034
0.00035591
-3.9688e-05
-8.8351e-05
-0.00022124
0.0001202
-0.00017065
-0.00057402
0.0003169
0.0001492
-0.00024486
-0.00016671
-0.00053908
0.00059456
-0.00014679
-0.00010546
8.642e-06
0.00025267
-6.8e-05
5.6417e-05
0.00016228
-0.00012463
-0.00016157
0.00011264
0.00013677
-2.7571e-05
0.00011364
-8.2278e-05
0.00012491
3.6349e-05
-0.00010202
0.00010545
-0.00023975
0.00016748
-3.3331e-05
3.7731e-05
1.4993e-05
0.00012215
8.5284e-05
8.8838e-05
0.00083785
0.00013457
0.00019266
-3.4508e-05
-3.4147e-05
4.977e-05
-7.2373e-05
-4.5921e-06
4.236e-05
0.00012397
0.00032518
3.898e-05
-0.00011969
-4.7353e-05
-3.4159e-05
-1.2403e-05
4.6463e-05
0.00028517
-0.00035312
0.00014632
-0.00020547
-8.3973e-05
-0.00012504
-0.00021351
9.2637e-05
0.00029089
8.8604e-05
-0.00023327
-0.00026602
-0.00024138
5.3913e-05
-6.8607e-05
0.00032612
-0.00036253
0.00013253
6.4993e-05
-0.0001376
-2.3977e-05
-0.00047231
-4.53e-05
0.00017797
9.8893e-05
-5.5506e-05
-9.1043e-05
-6.3171e-05
1.6906e-05
7.185e-05
0.00018939
0.00031302
0.00013681
3.0656e-06
-4.4709e-05
-2.5057e-05
3.5584e-06
0.00017898
0.00017532
5.3008e-05
-1.672e-05
-5.6788e-05
0.00016428
9.5111e-05
-0.000115
2.6465e-05
0.00020741
-1.1408e-05
3.8118e-05
-1.6324e-05
0.0001379
-0.00010549
9.2009e-05
0.00015264
0.00026564
0.00011407
6.8199e-05
-4.6264e-05
-2.4001e-05
-0.00019688
0.00015717
0.00022883
0.00036776
0.00025899
-0.00028408
-6.569e-05
6.6296e-05
8.5278e-05
-0.00046506
0.00069894
0.00056138
-0.00017827
-0.0012586
-5.9643e-05
0.00036889
-0.00022236
0.00048607
6.7761e-05
0.00020238
-0.00053448
-0.00012384
0.00012217
0.00019946
0.00010765
-6.3815e-05
4.0074e-05
4.4094e-05
3.0413e-05
-5.166e-05
8.997e-05
0.00017918
0.00014535
-0.00020795
-5.9543e-05
-4.4322e-05
-0.00010651
-0.00020919
-3.5375e-05
3.9187e-05
6.3557e-06
-0.00045373
-0.00033784
-0.00016877
-1.4751e-05
-3.3352e-06
5.2548e-05
7.1225e-06
5.0731e-05
4.9588e-05
-0.00023142
-3.2908e-05
3.5945e-05
2.7975e-05
-0.00017742
-4.6812e-06
0.0001217
-6.1518e-05
-6.7834e-05
-9.814e-05
-0.00021174
-0.0001296
-0.0001473
0.00014497
7.7953e-05
3.9879e-05
0.00010867
3.5727e-05
-0.00019406
-0.00018821
2.0379e-05
-0.000427
0.00021593
0.00014684
0.0009851
-0.000272
-0.00013026
1.2166e-05
0.00035709
0.00017086
0.00033426
0.00031239
0.00091987
8.6207e-05
-0.00018185
-5.796e-05
7.4847e-05
-6.2358e-05
0.00038249
0.00016173
0.00011056
-0.00011452
-0.00010444
1.6569e-05
2.4439e-05
-0.00033125
3.1143e-05
4.0174e-05
1.4994e-05
-0.00032713
-3.3716e-05
-0.00092278
-3.4987e-05
-0.00010458
3.2467e-05
7.53e-05
3.0674e-05
4.0747e-05
-8.74e-05
-8.9984e-05
4.2674e-05
3.5642e-05
0.00012096
0.00010956
7.0025e-05
6.6579e-05
-0.000116
0.0001161
0.0001761
0.00018394
7.0652e-05
-7.0527e-05
0.0001433
0.00011306
0.00012317
7.7284e-05
0.00021798
0.00034022
-0.00016186
-0.00073021
0.00014299
0.0001581
-5.8459e-05
-1.2542e-05
0.00046733
0.00051299
-0.00027513
-0.00040266
0.00011941
-6.3644e-05
4.8412e-05
0.00052529
0.00029686
9.8498e-06
-0.00013545
-0.00016056
-0.00015643
8.7593e-05
6.0721e-05
8.7742e-05
0.00020006
-0.00013621
-1.5241e-05
-0.00019978
-5.0764e-05
4.7073e-06
-8.3963e-05
-7.894e-06
-0.00012052
-0.00055676
-0.00060303
-0.00038054
-3.2947e-05
3.6408e-05
-4.738e-05
1.7561e-06
-0.00030457
-3.9918e-05
-0.00013385
-1.8145e-05
0.00023206
4.6523e-05
2.3537e-05
-3.9265e-05
-7.4111e-05
1.1744e-05
-5.2531e-05
0.0002246
0.00028352
0.00011384
-0.00018288
2.2339e-05
5.636e-05
0.00019404
-0.0001824
0.00033005
-0.00027292
0.00035026
-9.3475e-06
0.00017905
0.0004367
0.00026029
0.00021461
0.00033519
-0.00029397
0.00016136
0.00023036
-7.6187e-07
2.1701e-05
3.06e-05
0.00061907
0.00019097
-4.8801e-05
6.078e-05
-0.00026625
-2.3472e-05
-1.1633e-05
0.00011813
0.00029345
-4.5053e-06
-0.00011143
-0.00024529
-0.00030616
2.7218e-05
-0.00011592
0.00017777
-5.6018e-05
1.6562e-06
-0.00027639
-0.0012807
6.66e-05
-0.00024916
5.6378e-05
8.4906e-05
-2.1358e-06
-0.00010869
3.6443e-06
7.2591e-05
-2.7205e-05
8.2379e-05
-1.154e-05
-2.4666e-05
7.1532e-06
6.6905e-05
2.324e-05
9.1984e-06
6.4171e-05
0.00014722
-0.00022827
1.1192e-05
7.0783e-05
0.00018506
-0.00027848
-0.00011494
0.00015897
-0.00051065
0.00048658
0.00045182
-4.334e-05
-0.00061682
-0.00038623
-1.2032e-05
5.6193e-05
7.5865e-05
-9.6594e-05
2.3097e-05
3.7713e-05
-0.00015434
-2.7347e-05
0.00016726
6.7612e-05
-7.5553e-05
-0.00014484
-0.00011978
4.0179e-05
4.5682e-06
-0.00010091
0.0001199
6.6078e-05
-6.3572e-05
-3.5802e-05
-1.401e-05
3.0326e-05
9.3758e-06
5.0678e-05
0.00013028
3.7519e-05
0.00023608
0.00071927
5.1402e-06
-9.4342e-05
1.2848e-05
0.00018752
2.6161e-06
0.00011565
-8.4499e-06
-8.9026e-05
-4.8511e-05
-9.8664e-06
-0.00011793
1.4233e-05
-4.0602e-05
-4.2111e-05
-6.5048e-05
2.2503e-06
-0.00030649
1.5171e-05
-2.1726e-05
0.00029703
-6.4956e-05
-4.9912e-05
-0.00014636
-0.00023794
-0.0001186
0.00099561
-0.00014558
-0.0001796
-0.00026953
-0.00013266
-0.00090048
0.00041679
-0.00019261
-0.00018153
2.8358e-05
0.00041924
-0.00012511
4.8548e-05
-6.9373e-05
1.8455e-05
-5.8514e-05
5.4223e-05
6.0239e-06
0.00012391
2.8518e-06
-3.675e-05
-6.6581e-05
0.00010743
5.9126e-05
0.00011142
3.3717e-05
6.8171e-05
1.4231e-05
0.00022322
-0.00021865
9.9424e-05
6.5426e-05
0.00035632
0.00060777
0.00044495
0.00011708
1.2176e-05
-4.7299e-05
-5.3824e-05
-6.2076e-07
-2.0899e-05
0.00038535
7.7887e-05
0.00016389
-0.0001268
-0.00013387
5.0679e-05
-6.4984e-05
-2.3323e-05
0.00020422
0.00014661
-0.00023223
-0.00014474
-0.00035692
-0.00010426
-3.7901e-06
-0.00013784
8.997e-05
2.1374e-05
-0.00029696
-0.00053077
-0.00084523
0.00045431
0.00022037
-2.7674e-05
0.00037397
0.00032861
-0.00059894
-0.00029852
-8.2076e-05
0.00024287
-0.00015268
0.00019765
0.00013683
-0.00013455
-1.1167e-05
-2.9245e-07
-0.00014669
6.6119e-07
6.2995e-05
0.00018081
8.2832e-05
6.383e-05
8.8452e-05
-9.0443e-05
1.3827e-05
5.1332e-05
0.00020496
4.3831e-05
4.294e-05
5.6612e-05
8.3891e-05
0.0004955
0.00015147
6.003e-05
0.00011112
0.00011009
2.1892e-05
-0.00010272
-1.0755e-05
3.863e-05
1.9172e-05
0.00031091
0.00019461
-8.5476e-06
-8.2643e-05
2.4994e-06
-6.1774e-05
-0.00011523
7.3258e-05
-0.0004031
7.2795e-05
-0.00020425
-9.8667e-05
-0.00051491
-0.00011542
-8.78e-06
0.0004906
0.00081389
0.00017732
-0.00037767
-0.00025249
-0.00043004
0.0002075
0.00061638
0.00029183
-4.4121e-05
-1.7281e-05
-0.00027687
-0.0001465
-0.00018042
0.00011831
0.00024712
1.7886e-05
-4.1512e-05
-0.00013835
-0.00010181
-3.8545e-05
-5.5116e-05
3.8583e-05
0.00018096
-2.4923e-05
-8.2738e-05
2.2241e-05
-4.3011e-05
3.2445e-05
-6.7742e-05
9.1952e-05
9.0074e-05
6.8012e-05
-9.7293e-05
-5.4454e-05
0.00061894
0.00010615
4.8723e-05
0.00018874
6.5514e-05
0.00014848
6.5565e-05
-2.041e-05
2.7333e-05
0.00015801
0.00012334
0.00017728
0.00011352
0.00011193
9.7543e-05
-4.2458e-05
0.00021813
-0.0003944
0.00015506
8.5263e-05
9.315e-05
-0.00028663
-1.3742e-05
-0.0006862
0.00037713
-0.00039332
0.00020769
0.00025343
0.00034861
-0.00029918
-0.00032487
-0.00048377
-0.00048227
-8.2293e-05
8.6722e-05
-0.00016906
4.7892e-05
-0.00015769
-1.3008e-05
-0.00017994
-5.8081e-06
-9.6001e-05
6.9538e-05
7.8227e-05
-7.384e-05
-0.00016653
9.0411e-05
0.00021493
-2.3891e-05
5.6148e-06
3.4289e-05
-1.1998e-05
-0.00010412
-3.4935e-05
0.0001233
-3.5293e-05
5.5525e-05
8.2941e-05
0.00037659
0.00018024
1.9529e-05
2.7264e-05
1.0251e-05
3.5079e-05
-0.00013001
-4.4937e-05
0.00014958
7.5008e-05
2.2289e-05
-0.00015899
-7.4384e-05
-5.4537e-05
-6.0822e-05
-2.5966e-05
8.9868e-05
0.00027271
0.00016517
-0.00016483
-0.00039315
0.00012939
-2.4331e-05
5.1512e-05
2.1439e-05
0.00060794
-0.00013867
-0.00058762
-0.00035331
0.0001615
0.00014253
0.0001412
0.00041701
0.00071956
-0.00025644
-0.00014253
-0.00010723
2.3573e-05
3.4522e-05
0.0002987
0.00059144
0.00030173
-0.00012489
-6.4528e-05
-0.00012277
-5.6348e-05
7.8602e-05
0.0001491
1.0977e-05
-2.4366e-05
-4.2358e-05
-4.921e-05
-0.00018086
1.9609e-06
1.1745e-05
1.016e-05
-7.3242e-05
4.8811e-05
-0.00058898
-0.00048116
6.4651e-05
-2.4469e-06
0.00012267
-5.4318e-05
-6.3332e-06
-8.5639e-05
-6.288e-06
-0.00010067
1.3243e-05
0.00013974
0.0001194
-7.1797e-05
-0.00013304
-0.0001372
-0.00012549
1.4554e-05
0.00010144
3.2087e-05
-0.00015234
-0.00042391
-0.00012122
-9.5745e-05
0.00011595
-0.00023153
0.00031882
2.87e-05
0.00022942
-0.00024034
-0.00028904
-0.00011508
0.00048926
-0.00050144
0.00069112
-0.00014758
3.0587e-05
-0.00026744
-0.00010038
-4.2734e-06
0.00026625
0.00056959
0.00020807
-7.8597e-05
-2.9582e-05
-5.5197e-05
-0.00018417
-0.00014503
4.2595e-05
0.0001516
8.4375e-05
-1.5876e-05
4.6004e-05
-2.3107e-06
-2.3717e-05
-5.3322e-05
3.0565e-05
0.00015255
2.4387e-05
0.00045245
-6.4892e-05
6.5506e-05
0.0001924
-7.7673e-06
-3.6236e-05
1.4284e-05
-1.553e-05
4.0561e-05
-0.00029325
3.4435e-05
-2.6903e-05
0.00024237
-5.8314e-05
-0.00011728
-1.4039e-05
-0.0001555
-0.0001361
5.1467e-06
0.00028268
2.52e-06
0.00016289
-0.00014379
-0.00015252
-0.00022813
0.0001009
0.00011137
0.00031855
0.00039865
2.6514e-05
-6.7799e-05
-1.322e-05
-0.00052369
4.2576e-05
0.00022945
0.00021952
0.00017383
-0.00032518
-0.000136
-0.00012397
0.00013413
0.00026471
0.00011024
-1.0036e-05
-0.0002071
-4.853e-05
-1.903e-05
5.0562e-05
-1.1791e-05
7.1044e-05
-4.5349e-06
-0.00011041
-3.7188e-05
2.5726e-05
-1.3259e-06
0.00010596
6.8231e-05
0.00013872
-4.3105e-05
-5.0434e-05
-4.0889e-05
