0.00015253
0.00050418
0.0001958
0.00020922
-2.5369e-05
8.3156e-05
9.2053e-05
7.5457e-06
-5.8005e-05
0.00043169
0.00048854
0.00015923
0.00011621
8.8863e-05
0.00019262
-4.4958e-05
-0.00013111
0.00042804
-0.00026116
6.1448e-05
0.00015672
-0.00029156
-0.00045941
0.00014812
-2.2901e-05
0.00093359
-0.00082217
0.00084382
-0.00034489
-0.00068515
-0.0010416
0.00026838
-8.4678e-05
0.00018108
0.0002077
2.1126e-05
-3.1717e-05
-0.00078954
3.2795e-05
6.453e-05
0.00029212
0.00015886
-0.00010172
-4.3599e-05
8.1051e-05
-9.1078e-05
-0.00014322
0.00032312
0.0004535
1.3055e-05
-0.00062877
0.00012192
-4.4013e-05
-0.00033153
0.00016686
8.3001e-05
0.00031916
-0.0014868
-0.00056224
0.00029929
3.559e-05
4.2972e-05
0.00042361
-1.2782e-05
0.00029006
0.00019818
0.00030324
-1.9542e-05
-0.000126
7.2391e-05
-0.00026726
-0.00017823
-4.6908e-05
9.5586e-05
-8.2157e-06
-0.00018645
-0.00070106
-7.9935e-05
0.00071724
-0.00020019
-0.00019558
-0.00012667
0.0001142
4.0111e-05
-0.0010911
-0.00081724
-0.00030429
0.00026041
-0.00056557
0.00098841
-3.7926e-05
-0.00097913
0.0010128
0.00033058
0.00039586
-4.7408e-05
-4.0715e-05
-0.00021755
-1.3579e-05
-0.00058391
0.00016773
0.00017688
0.00016848
-1.8279e-05
-0.00013884
2.0736e-06
8.046e-05
0.00019012
-0.00021711
2.1086e-05
8.0213e-05
6.891e-05
-5.9927e-05
0.00020306
0.00050003
0.00013394
0.00031167
-0.00088928
5.2562e-05
0.00032635
5.4972e-05
0.00050962
-5.4729e-05
0.00027465
-6.6006e-05
0.00021003
-8.405e-05
0.00015061
0.00042259
2.3849e-05
-3.7831e-06
-5.9967e-05
-1.5088e-05
-0.00026322
2.4072e-05
0.00037163
-0.00048191
0.00048241
-9.17e-05
-0.00032083
-0.00036755
0.00017579
-0.00037364
-0.00064329
-1.6091e-06
-0.00085874
0.00061299
-0.00086955
-0.00027756
-0.00066488
-0.00028123
0.00073057
-0.00011548
0.00050032
-0.00024543
0.00017926
-4.5956e-05
0.00052323
-0.00018541
-9.5925e-05
-3.2197e-06
0.00017467
-9.3137e-05
-2.9817e-05
-9.6689e-05
-3.1723e-05
0.00038553
0.00012607
-8.8947e-05
0.00010498
-4.554e-06
-5.8056e-05
-1.7281e-05
0.00030725
0.00036711
0.00055979
-0.0012054
-0.00075223
0.00053441
-4.3496e-05
0.00029866
-0.00011695
4.6041e-05
-0.00015705
-0.00018919
-0.00014239
0.00014959
-6.4596e-05
-0.00035117
-0.000439
-0.0002808
-0.00033556
-7.2625e-05
1.0426e-05
7.9479e-05
-0.00032218
3.6226e-05
-0.00060916
3.6694e-05
-0.00016922
0.00048759
-0.00026784
-0.00039226
0.00054237
-0.00074467
0.00070203
0.00021457
0.00035503
0.00021684
6.0123e-05
0.00081492
-0.00025313
7.8176e-05
-0.00030751
0.00062907
8.239e-05
0.00085368
-0.00012973
-0.00029367
-0.00014377
-1.6898e-05
-9.7049e-05
0.00021924
0.00019695
0.00036605
0.00015986
-5.3185e-07
-0.00034929
5.5039e-05
-0.0001987
0.00023148
0.00013885
0.00026915
3.4765e-05
0.00031951
-0.001424
-0.00014251
0.00022342
-4.0628e-05
0.00031487
-9.5605e-05
0.00023409
-0.00016426
0.00013376
-0.00026262
0.00011002
7.2419e-05
-0.00017917
0.00015029
-0.00011547
-6.0747e-05
-0.00016101
-4.5943e-05
-0.00016935
-0.00017893
0.00029251
0.00014577
0.00016103
-0.0005435
0.00051992
-0.00036922
-4.5897e-05
-0.0002159
0.00011313
0.0014225
-0.0012854
0.00013774
-8.2417e-05
-0.0004167
0.00033524
0.0001498
0.0015374
-0.00070086
0.00029914
-0.00017816
0.00029672
-0.00038798
0.00014339
0.00014703
-0.00025295
-0.00015544
-6.205e-05
-0.00026921
0.00010666
6.3539e-05
0.00022214
-0.00037181
0.00016846
-2.4555e-05
8.397e-05
-3.0595e-05
0.00013476
0.00012902
0.00054867
-0.0018339
0.00029947
0.00022753
-3.0684e-05
0.00012848
-6.6671e-05
0.00039226
-0.00010675
0.000224
-9.5174e-06
-0.0001153
3.8393e-05
3.4449e-05
3.3076e-05
-0.00014466
0.00012789
8.0202e-05
7.9001e-05
-0.00015449
-0.00010763
0.00019478
-0.00033336
0.00017055
-1.6568e-05
-0.00010071
-0.00014525
0.00056797
-7.3913e-05
-0.00043084
0.00071311
-0.0011819
-0.00052243
-0.0011044
-0.00054492
0.00022756
5.6945e-05
0.00036575
-0.00020939
0.00069292
-0.00018099
-0.00043917
-0.00014421
-4.6827e-05
0.00023799
0.00016037
-0.00020659
6.2608e-05
0.00015474
4.1638e-05
0.00018295
6.0344e-05
-0.00017409
0.00012408
9.476e-05
0.00035677
7.2625e-05
0.00012463
-0.00019565
0.00078488
-0.00077128
0.00059512
0.00086324
-4.289e-05
8.8211e-05
7.7566e-05
0.00020455
-1.9999e-05
1.4339e-05
9.8141e-05
-2.8002e-05
-6.5695e-05
0.00022944
0.00018616
-2.2405e-05
-4.1186e-05
0.00022986
0.00025369
0.00016079
3.0104e-05
6.527e-05
1.9227e-05
0.00023146
-0.00058202
0.00027362
-0.00017325
0.00042993
-4.7329e-05
-0.00015507
-0.00016736
-0.00088525
0.00038452
-0.00010339
-0.00013861
-0.00015894
-2.5192e-06
0.00012016
-2.9656e-05
-0.00070079
8.3855e-05
-0.00042344
-9.5991e-05
4.2231e-05
0.00032492
0.00010539
-9.3538e-05
0.00015255
0.0003671
-9.4424e-05
-0.00019328
3.9651e-05
-1.4912e-05
-8.8417e-05
-8.3808e-05
0.00033492
0.00027605
-0.00015766
-1.3698e-06
-0.00086228
-0.001254
5.0097e-06
0.0003949
0.00017399
-3.3662e-05
-0.00010186
0.00040277
0.00011314
-0.00017065
-4.6513e-05
0.00031887
0.00015622
-0.00029289
-0.00019621
-0.00013699
1.1231e-05
-0.00014027
4.376e-05
0.00050686
2.3717e-05
-0.0011749
-0.00037916
-0.00088729
-5.1981e-05
8.457e-06
0.00014413
0.0010826
-0.00039832
-0.00030444
-0.00073023
-0.00033323
0.00064988
0.00056837
0.0001773
0.00091302
-0.00052317
-0.00032722
-0.00036512
-1.1886e-06
2.8107e-05
0.00030844
0.00014631
-0.00032244
0.00018069
-9.4215e-05
-0.00020186
-7.126e-06
0.00011189
0.00080544
0.00035243
-0.00042001
-9.0482e-05
-3.2536e-05
-0.00012443
-0.00014245
0.00029304
0.00029979
-5.3667e-05
-0.00035625
-0.00022508
0.00048817
0.00062022
0.00022728
0.00080686
-7.2716e-05
-2.2197e-05
-7.5685e-05
0.00013378
-5.7248e-05
0.00020669
0.00043816
0.00011921
-0.00012752
-7.4871e-05
-0.00010236
-0.00011035
-6.2766e-05
0.00028741
0.0009899
0.00037223
-0.00082328
-0.00033666
-0.00040214
-0.00051629
0.00014491
0.0018476
0.00011689
-0.0014526
-0.0015525
-0.00063928
-0.0010268
-8.9882e-05
-6.2348e-05
0.0017376
-0.00011378
-0.00075205
-0.00071143
-0.00069135
-0.0011324
0.00078088
6.3017e-05
9.2107e-05
-7.5902e-05
-0.0003592
-0.00065925
-0.00055913
-3.4295e-05
0.00029871
0.00047398
-1.8746e-05
0.00013008
4.7647e-05
-0.00037988
3.8293e-05
0.00021801
0.00041599
2.8834e-05
8.104e-06
0.0015169
3.1512e-05
0.00011682
-5.4359e-05
0.0010228
-0.00012647
6.0477e-05
2.036e-05
0.00055346
2.726e-05
1.056e-05
1.5079e-05
0.00011654
-4.8773e-06
-8.5661e-05
-7.4343e-05
-0.0001473
0.00014883
0.00023539
-0.00030863
0.00040391
-0.00071908
-0.00022422
-0.00018758
0.00024621
0.00019862
-0.00043119
2.6146e-06
-0.0013312
-0.0017978
-0.00037153
-3.879e-05
0.00074108
5.2109e-05
0.00035026
-0.0008495
-0.00016641
-0.00029603
3.6348e-05
-0.0001482
0.0018399
-0.00098067
-0.000689
-0.00012085
-5.1092e-05
-9.4742e-05
6.2905e-05
0.00025353
0.00032072
2.4616e-05
1.5784e-05
-3.2396e-05
-9.072e-06
-0.00026787
0.0002205
-2.7736e-05
0.00047136
-0.00055863
-5.9776e-05
0.0022099
-0.00047921
-8.0186e-07
-9.7271e-05
0.00050321
-0.00016069
-0.00016576
-9.8224e-05
0.00066912
-0.0001083
-3.5075e-05
-0.00019857
-0.00022434
-0.0003644
-0.00016969
-0.00011362
0.00015794
0.00011635
-0.00016192
-0.00053836
-0.00014269
-0.00010393
4.1558e-05
-0.00043478
-7.9923e-05
-0.00036947
-0.0014181
-0.0006584
0.00014333
0.00017332
-0.0002781
-0.00058885
-4.9716e-05
-0.00020953
0.00043903
-3.5331e-05
0.00074159
-0.00026544
2.8446e-05
-0.00056393
0.0019919
-0.00042927
0.00022675
-9.3976e-06
-6.8324e-05
4.6056e-05
0.00023947
8.762e-05
0.00016625
8.5708e-05
3.2865e-05
-0.00016976
0.00018357
6.1588e-05
0.0003891
-0.00017445
0.00022081
-9.8476e-05
0.00066793
0.0012051
-0.00011868
0.00030288
-1.4996e-06
0.00067831
-8.7461e-05
-0.00017674
-0.00025604
0.00089566
-0.00011631
0.00031882
-1.8444e-05
-0.00013355
-0.00021011
-0.00039718
-0.00050771
-0.0002572
4.4313e-05
0.0005493
-5.5806e-05
-0.00012105
-0.00083571
2.7419e-05
-0.00046097
0.00027266
0.00030044
9.2338e-06
-0.00034675
-0.0019536
-0.0010817
-0.00065233
-0.0013883
0.00041018
0.0015595
0.00031996
-0.00016444
-0.00055983
-0.00083156
-0.00021296
-0.00083613
0.0026165
0.00021259
0.00014921
2.73e-05
-0.00038675
-0.00041919
-0.00042371
0.00015511
0.00035371
0.00040033
0.00018665
-0.00012432
-0.00022705
-0.00029026
0.00018705
2.95e-05
0.00021517
-9.5745e-06
0.00067311
0.0023225
0.00064207
0.00022963
-1.2085e-05
0.0002177
-4.5314e-05
0.00011101
-0.00012358
0.00080123
4.8606e-05
-8.0061e-05
-0.00018865
-0.00023051
8.1629e-05
-0.00015637
-2.3347e-06
-0.0003062
0.00031715
-0.00036184
-0.00010237
-0.00026305
-0.00086371
-0.00021536
0.00041478
0.00067874
0.00024488
-0.00059386
-4.3062e-05
-0.0025364
-0.0010578
-0.00047057
0.0019987
-0.0012435
0.00045829
-0.0003553
-0.00047686
-0.00068683
-0.00024986
0.0016389
1.2683e-05
0.00067254
-0.00076549
-0.00064472
-5.2315e-05
6.2575e-05
0.0002005
0.00048374
0.00034804
0.00034362
-0.00048547
-0.00019393
0.00011087
0.00021592
8.5145e-05
0.00034055
0.00017097
-1.2358e-05
-0.00058613
-0.00016229
0.0021922
-5.5899e-05
0.00087089
-4.8386e-05
-0.00024121
-5.3614e-05
0.00011604
-0.00011678
0.00015419
0.00029115
-4.5862e-05
-0.00020815
-0.00025654
-0.00040467
-0.00023726
0.00014054
0.00088034
0.00069501
6.3683e-05
-0.00018492
-0.00055616
-0.00031569
-0.00058689
0.00029754
0.00026914
-2.1677e-05
0.0010495
-0.00033018
-0.00064965
6.0043e-05
-0.0012876
0.0013133
4.3054e-05
-0.00022841
2.7231e-05
-0.00038315
-0.0003527
-0.00036514
0.0006876
0.00026025
0.00054178
3.8929e-05
-0.00037404
-3.2713e-05
-2.0822e-05
-0.00018636
0.00039579
0.00064806
0.00022615
-0.00019763
-0.00027296
0.00020242
-0.00037364
4.8127e-06
0.00031383
0.00040204
-9.8884e-05
-0.00021452
-0.00076542
-0.00097121
-0.00039554
0.00052751
0.00015332
-0.00029867
-0.00016334
0.00047852
0.00010862
-5.7838e-05
-0.00011661
3.2548e-05
-0.00014365
-0.00022442
-0.00021878
0.00042
-1.2426e-05
-0.0001908
-0.0001924
6.1206e-05
-0.0003067
0.00024028
-7.0642e-05
0.00039012
-0.00032158
-0.00021662
-7.8332e-05
0.00065865
7.2197e-05
-7.3874e-05
-0.00044069
-6.0014e-06
0.00016642
0.00030728
-0.00033791
-0.00059566
-0.00017225
-0.00015501
0.00015765
0.00058136
0.00013787
0.00031794
-0.00017306
-0.00035761
-4.8536e-05
0.00037064
0.00017621
-0.00010781
-0.00025758
4.2059e-05
-0.00012319
-0.00019808
-4.465e-05
0.00014133
-1.0697e-05
-1.4576e-05
4.664e-06
-1.636e-05
-0.00013314
-0.00041277
0.00069601
-6.7964e-06
6.6339e-05
-2.3613e-05
-0.00070728
-1.3711e-05
3.1835e-05
0.00014574
0.00048865
-1.5746e-05
-5.2405e-05
-0.00060715
-0.00040322
-0.00014404
0.00014886
0.00030141
0.00010571
0.00013663
-0.00089338
-0.00063084
-0.00088095
7.9576e-05
-0.0003079
-1.7265e-05
0.00075666
-0.00010847
8.0882e-05
-0.00088285
-0.00049176
0.00023463
-0.00029128
0.00065592
0.0012081
-0.00011396
5.3605e-05
-0.0001144
-7.6913e-05
-9.3632e-05
0.00034651
0.0011054
-0.00011819
-0.00016776
-0.0001997
2.949e-05
0.00029615
0.0005489
0.00015424
1.9424e-05
6.7332e-05
-0.00014883
-4.5293e-05
-0.0001591
0.00029438
0.0003757
-4.9046e-05
9.1544e-05
-0.00017444
-0.00010219
-7.8614e-05
-0.00014833
-0.00035049
-0.00013483
-1.1323e-06
-0.00017204
0.00014857
0.00013911
1.4389e-05
-0.00047106
-0.0002764
-0.00018648
-0.00019996
8.1334e-05
0.00048837
0.00014103
-0.00053839
-0.0003524
-0.0003994
-0.00014584
3.0026e-05
0.0006758
0.00010791
-0.00051796
-0.00033068
-0.00074138
-0.00021786
0.00046466
0.00052476
0.00017742
-0.001939
-0.00019844
-0.0004153
0.00057302
0.0014278
4.5478e-05
0.00059918
0.00018283
8.0321e-05
-0.0001886
-0.00027456
-0.00025034
7.0164e-05
0.0002343
0.00034241
2.1233e-05
0.00026007
-1.7361e-06
-0.00024523
-0.00025033
0.00033618
0.00018597
8.0939e-05
-5.6095e-06
0.00029701
-4.4948e-05
-9.013e-05
-6.0701e-05
0.00066803
0.00017849
-2.1067e-05
4.8921e-05
0.00042438
8.1537e-06
0.00010422
6.5257e-05
0.00011599
-7.1049e-05
-1.5401e-05
-0.00013181
0.00016938
3.7275e-05
9.6283e-05
-2.6775e-05
-0.0002182
-6.4294e-05
-8.882e-05
0.00011294
0.00059973
9.9828e-05
-0.00032954
-0.00048069
-0.00035683
-2.9829e-06
-0.00028982
8.6923e-05
0.0021896
-0.00053209
-0.00053698
-0.00030543
-0.001179
0.00017634
0.0004217
0.00071066
8.5486e-05
-0.00017562
-0.00017338
-0.00013786
-0.00013991
4.7575e-05
0.00069235
0.00054318
6.1666e-05
0.00031299
-0.00023931
-0.000161
-0.00011412
-0.00027441
-0.00016806
0.00010769
9.4447e-05
-6.8609e-05
-6.9289e-05
6.1618e-06
-0.00014242
-0.00030337
-0.00011743
0.00011643
-0.00057999
-0.00048648
-0.00054551
3.8165e-06
-0.00022304
-0.00068735
-4.4329e-06
-0.00017165
0.00019103
-7.1996e-05
-3.1588e-05
-3.4113e-05
-0.00061636
-0.00062668
1.246e-05
0.00038309
0.00014224
-2.5113e-05
0.00011639
-0.00087098
-0.0002194
-0.00064465
-2.2646e-05
-4.4077e-05
8.8008e-05
0.00083943
5.2669e-05
-0.00041215
4.6297e-05
-0.0025139
0.0002077
0.001652
0.0024777
0.0021679
-0.00059421
-0.0002151
0.00016963
-0.0006011
0.00017254
0.00050804
0.0011061
0.0001705
-0.00024478
-3.1641e-05
0.00022171
0.00022039
0.00011072
7.6412e-05
-5.0343e-05
-0.00010697
-0.00014691
-0.00015114
1.1044e-06
0.00016929
0.00016082
2.4994e-05
-6.5331e-05
-9.8968e-05
-2.2336e-05
-0.0003603
-0.0014836
-0.00060999
-1.6001e-05
-5.4418e-05
0.00072187
8.1855e-05
-5.6539e-05
2.0383e-05
-0.00061771
-0.00020616
-3.5239e-05
0.00029311
0.00023075
0.00022214
-1.114e-05
-0.00047268
-0.0008259
-0.0003717
0.00015926
4.6983e-05
2.7807e-05
0.00046784
-0.0011742
-0.00048403
-0.00047324
-5.5844e-05
0.00095282
-0.0002346
0.00043241
-0.00043198
-0.0010491
0.0002656
-0.0004421
0.0026483
0.00034713
0.0003016
0.00032763
-0.00021165
-0.00018833
-0.00019554
-0.00069629
0.00047304
0.00047467
0.00018823
0.00017426
-0.00012627
-0.00019852
-0.0002344
-0.00016002
0.00025095
3.5588e-05
1.7526e-05
7.9792e-06
1.9532e-05
-0.00012583
-9.4858e-05
3.3048e-06
0.00034103
0.00023505
-0.00035986
-0.00031105
0.00042715
4.9318e-05
6.7023e-05
0.00011361
-0.00060328
8.7075e-06
-0.00019641
5.0333e-06
9.5444e-05
9.1812e-05
-0.00014746
-3.3687e-06
0.00022681
-0.00039779
-7.2345e-05
0.0003326
0.00032904
0.0001008
0.00019615
-6.3675e-05
-0.00016517
-0.00028389
-0.00014388
2.8004e-05
0.0010858
0.00023956
-0.00023328
-0.0002679
-0.001652
-0.00016941
-7.991e-05
0.0005421
0.00039827
0.00012273
0.00023095
-0.00046204
-0.00055172
2.7195e-05
0.00018742
0.00046217
6.5644e-05
0.00012215
-5.3215e-05
-0.00018135
-8.911e-05
0.00043854
7.6342e-05
0.00015097
-8.1369e-05
0.00010647
-0.0002503
-5.1397e-06
6.1286e-05
0.00046947
-6.0937e-05
9.1012e-05
-0.00073327
-0.00013573
-4.0195e-05
-4.2628e-06
6.0827e-05
-8.3622e-05
3.7174e-05
0.00057839
1.9276e-06
7.5239e-05
2.6009e-05
7.6961e-05
0.00018572
-0.00010133
9.4062e-05
0.00017949
0.00010309
-5.2256e-05
-6.6246e-05
7.377e-05
-0.00088907
0.00027884
8.5903e-05
8.2765e-05
-0.00085637
0.00031054
0.00023436
-0.00012999
0.00017327
0.00033758
-0.00027932
-0.00050677
-0.00033044
0.00063196
0.00018374
-0.00059312
-0.00019122
0.00025143
-0.00012888
-0.00057472
0.00031272
0.00039862
0.00034991
-0.00018066
-0.00037849
2.1518e-05
9.753e-05
4.5854e-05
4.7308e-05
0.00023961
8.001e-05
-0.00029144
-0.00013234
0.00015399
-4.6871e-05
0.00034999
-5.3479e-05
-5.5096e-05
9.8017e-05
4.662e-05
-0.00078401
0.0002476
0.0002305
7.3024e-05
0.00017648
-0.00014009
5.1146e-05
-7.2946e-06
7.5219e-05
4.2285e-05
0.00030332
6.0818e-05
-0.00027062
-0.00020281
0.00010739
-8.2715e-05
-0.0001638
2.8649e-05
0.00065244
-0.00015439
-0.0011883
-0.00063909
1.9204e-05
-0.00041311
0.00012476
-5.2215e-05
0.00022254
-0.001116
-0.00095715
-0.00026871
-0.00050814
-0.00017122
0.00028481
0.00016758
0.00035644
-8.6415e-05
0.00039699
-0.00022224
-0.00032901
-3.2038e-05
0.00074142
0.00017978
-0.00031611
0.00014794
-2.9262e-05
0.00010042
-8.6651e-05
0.00021788
0.00039595
1.2809e-05
-0.00013169
0.0002768
0.00027262
-3.89e-05
-4.0251e-05
3.5047e-05
0.00012736
-0.00021965
-0.00014566
0.0014389
-0.00026513
0.00013515
-9.9959e-05
5.7464e-05
4.5799e-05
6.2086e-05
-0.00027434
0.00015714
-6.2004e-05
-9.0207e-05
-0.00020737
-9.6623e-05
0.0001618
0.00013893
-0.00031333
6.34e-05
-1.0816e-05
9.2363e-05
-0.00028433
-0.00056011
-1.3028e-05
0.00085275
0.00026928
-0.00038528
-0.00012487
4.9972e-05
-0.00011104
-0.00061966
0.00044423
0.00096035
0.00069109
-0.00067285
-3.8738e-05
6.5982e-05
-0.00044918
0.00048924
6.6384e-06
0.0010532
-0.00049059
3.4446e-05
2.9529e-05
-4.3177e-05
0.00018019
-0.00030084
-0.00023254
0.00010819
-8.8727e-05
-0.00025341
-0.0002581
0.00020797
0.00019219
-0.00026769
-2.3577e-05
8.1746e-05
-0.00016545
-0.00029058
-0.00017764
0.00015511
3.9537e-05
-0.00052835
0.0003317
4.8364e-05
-5.0431e-05
-1.2056e-05
-0.0002386
-5.5849e-05
-5.9579e-05
-1.2241e-05
0.00017454
-7.2407e-06
-0.00025722
-0.00016692
-0.00038733
-2.4462e-05
0.00010463
0.00018412
0.00053233
-2.2389e-05
-0.0015388
-0.00028888
-0.00052101
-0.0003205
0.00072932
0.00013306
0.0012473
-0.001395
-0.001637
-0.00040911
-0.0014538
0.0019879
0.00039529
0.00032242
0.00065849
-0.0010974
-9.2456e-05
-0.00022537
0.00091292
0.00047206
0.00068668
0.00021803
-0.00032078
0.00020196
0.0002347
-4.7316e-05
9.8136e-05
0.00024183
0.00010202
-0.00013505
-8.8333e-05
0.00033924
3.5968e-05
-3.0866e-05
0.00013306
0.00011473
3.1021e-05
-0.00024185
0.00014341
0.00040544
-0.00042654
-5.2072e-05
2.7338e-05
-5.3069e-05
4.6073e-05
0.00016759
-0.00010943
-0.00020161
-7.4028e-05
-9.1841e-05
-3.6845e-05
0.00018586
0.00017172
-0.00021821
-0.00044845
-0.00017665
-3.8062e-05
-4.5143e-05
0.00028198
0.0010023
0.00020329
-0.00072913
-6.3864e-05
-8.3967e-05
-0.00012985
0.00012494
0.0015307
0.00096397
-0.00061511
-0.00023708
0.00019105
-0.00015722
-0.00074462
0.0015486
0.00026992
1.0654e-05
-0.00078581
-0.00025881
-0.0001214
-0.00013529
-0.00017038
0.00031857
0.00024849
-7.3973e-05
-0.00034949
-0.00055247
-0.00035927
0.00022241
0.00021149
0.00022979
4.1719e-05
-0.00021702
-0.00032536
-0.00024141
-1.6977e-05
5.0577e-05
0.00021168
-0.00014144
-0.00022431
0.00017225
0.00030337
-0.00012608
0.00022069
3.0679e-05
0.00024282
1.66e-06
0.00029249
-1.2738e-05
-6.3301e-05
8.159e-06
-2.1562e-05
9.8202e-05
-0.0002151
-0.00013173
-9.445e-06
9.3374e-05
0.00013314
-3.4245e-05
0.00030247
-0.00050254
-0.00093004
-0.00029456
0.00052438
-0.00016447
-6.5372e-05
-0.00049483
-0.0023296
-0.0010187
-0.00021691
6.9542e-05
-0.00029565
0.00031675
0.00015522
-0.0001344
0.00015441
1.1346e-05
0.00021031
0.00030155
0.00025041
-3.0204e-05
-3.225e-05
0.00011905
7.1968e-05
6.1891e-05
5.7112e-07
0.00021147
1.7792e-05
-0.00015271
0.00011398
9.0136e-05
-8.3975e-05
-2.2422e-05
0.00012432
4.6572e-05
1.0299e-06
-9.6056e-05
0.00030142
0.00198
8.5055e-05
-0.0001397
-6.301e-05
-6.3061e-05
9.1252e-05
-0.00049263
-0.00020597
0.00021896
0.00011931
-0.00010168
5.7876e-05
0.0001048
0.00032208
-0.00026417
-1.7918e-05
0.00020593
0.00028177
0.00018929
-0.00034806
0.00021352
0.00026419
0.00060737
-0.00031393
0.00068808
0.00020621
0.0006737
-0.0010859
-0.00057902
0.00013978
-4.0549e-05
0.00081279
0.00036717
0.00027425
-0.00024679
-0.00030082
-9.2192e-05
-1.4206e-05
-0.00095968
0.00029915
-0.00019824
4.902e-05
5.6342e-05
-4.4608e-05
-0.00038639
2.3256e-05
0.00029422
-0.00013296
4.7876e-05
-5.714e-05
0.00019612
-0.00013493
-0.00031139
2.592e-05
0.00013548
0.00013431
-0.00018911
7.9561e-05
-0.00062036
-0.00030569
7.6458e-05
5.9524e-05
-5.6919e-06
0.00020271
0.00013644
0.00049931
2.5179e-05
2.9457e-05
-1.1803e-05
-2.4065e-06
-0.00019538
0.00017198
4.2085e-05
0.00016273
1.7178e-05
-6.1405e-05
2.3217e-05
0.00016389
-0.00021356
0.00037731
-6.5693e-05
0.00010651
-0.00028001
-0.00015543
6.0288e-05
9.1445e-05
-0.00040973
6.4063e-05
-0.00040488
-9.32e-05
-0.00022316
0.00035456
0.0006649
-0.00046658
-1.747e-05
-0.00025837
-0.00020587
0.00030716
-0.00031563
0.00036068
-0.00034571
-8.3122e-05
-8.1816e-05
-0.00022969
-0.00012302
-0.0001987
-7.2951e-05
-2.7335e-05
-0.00020642
0.00018937
0.00035246
4.3494e-05
-4.2659e-05
1.5622e-05
-0.00026381
-0.0001357
0.00019036
-0.00049786
0.00046123
-0.00033713
0.00023161
-3.7352e-05
-0.00023033
-2.3417e-05
0.00017744
-4.5462e-05
-2.2113e-05
9.8939e-06
6.8682e-06
-0.0002401
-6.8592e-05
4.0988e-05
-1.3282e-05
9.2883e-06
7.6178e-05
0.00019213
-0.00040404
-0.00067616
0.00037701
0.00011587
2.3644e-05
-9.3712e-05
-0.00013612
-6.9834e-05
-0.0011878
-0.00080448
0.00041842
-8.2548e-05
-0.00017961
-0.0011022
-0.0004116
-0.00093831
0.0010118
8.1307e-05
0.00019863
6.5447e-05
-4.6026e-05
-0.00023824
0.0011685
0.00010288
0.00013689
0.00015836
0.00013652
4.9521e-05
-6.0191e-05
0.00019339
0.00065819
9.4509e-05
0.00016222
0.00021435
-6.2578e-05
-4.9923e-05
8.2923e-05
0.00050292
2.6383e-06
-0.00010507
8.0571e-06
0.00051238
-0.0002154
0.00023772
-9.1305e-05
-5.1344e-05
-9.4344e-06
0.00015467
-6.22e-05
-0.00011796
-0.00014874
6.86e-05
-0.00051798
-0.00024127
-0.00029096
-0.0001267
-0.0002982
-6.2291e-05
0.00018024
0.00036549
-0.00062408
-0.00047273
-0.00036741
0.00021865
0.00034843
0.0013137
-0.00059898
0.0014181
-0.0010983
-3.7221e-05
-0.00095607
0.0013231
0.00067897
0.0011722
-0.00069033
0.00070822
-0.00014226
-0.00018671
-0.00021987
0.00079355
6.1869e-05
8.8814e-05
0.00018329
-0.00014082
-6.5547e-05
-0.00018125
-0.00034531
-0.00033502
0.00020572
0.00026949
-0.00011741
-6.4025e-05
-7.6731e-05
-2.6097e-05
-0.00040382
-0.00017422
-2.7105e-06
5.2016e-05
-0.00015622
-0.00061915
4.7872e-05
-0.00050991
6.8161e-05
-7.4095e-05
-0.00047738
5.5006e-05
0.00035394
-8.9167e-05
-0.00044247
1.7008e-05
-0.0001431
-0.00014706
-6.919e-05
0.00023044
0.00014726
-0.00011962
-9.0805e-05
-0.00028156
0.00036075
0.00053566
0.00044946
-0.00014539
0.00062308
0.00010373
-0.00055859
-0.00032732
0.00058306
0.0009863
1.5311e-05
0.00032469
0.0011926
-0.00011433
-0.0019898
-0.0022961
0.00050266
0.00010022
0.00014551
0.0006737
0.0003282
9.5679e-05
-0.0003833
-0.00031773
8.9082e-05
0.00028035
0.00034194
0.00017068
0.000216
-0.00012734
-4.7549e-05
4.0082e-05
-7.7377e-05
0.0001417
8.6049e-05
-0.00015061
8.4667e-06
-3.4393e-05
-3.4228e-05
-0.0001601
0.00025927
-0.00076299
0.00012569
7.5999e-07
-4.1659e-05
-0.00014481
-3.6184e-05
0.00020381
3.6502e-05
-0.00024735
-7.4369e-05
0.00031371
-0.0001717
-0.00035222
1.6304e-05
2.7004e-05
-8.8933e-05
-0.00039695
-0.00024622
0.0017932
0.00014669
0.00019305
-0.00031718
-0.00063566
-0.0005117
-0.00036718
-0.00054169
0.0015603
0.00099861
-0.00088265
-0.00073304
-0.00064058
0.000159
-0.0011141
-0.00024071
0.00072366
-7.5755e-05
0.00011653
-0.00022425
0.00010619
-7.902e-05
-1.985e-06
0.00052545
0.00013101
0.00010043
8.1602e-05
-3.2136e-05
0.0002183
0.00019982
4.3346e-05
6.7807e-05
-2.1585e-05
-0.00022052
-4.9444e-05
-0.00013608
0.00031701
0.00017433
-6.8942e-05
-0.00018292
-0.00047359
0.00052557
0.00016981
4.8147e-05
1.4781e-05
-0.00014524
-1.3125e-05
3.3166e-05
3.0897e-05
-0.00015328
-0.00016002
-0.00016103
-0.00019796
-7.5787e-05
-3.844e-05
0.00020392
-5.9373e-05
-0.00015444
-0.00020708
-0.0011839
-0.00037395
-1.6294e-05
0.00012814
0.00035191
-0.00014479
-0.00017155
-0.00015776
-0.0021894
-0.00029165
-6.7913e-06
0.00013809
7.2096e-05
0.00053036
0.00040927
0.00078348
-0.0003598
-7.1719e-05
0.0002453
0.00010779
0.00096679
7.193e-05
0.0012618
-0.00075899
-3.268e-05
1.3833e-05
0.00014648
0.00015937
0.00039582
0.0001344
0.00010737
-9.5998e-05
-0.00010028
-0.00025971
8.4398e-05
5.9839e-05
-2.8218e-05
1.8745e-05
0.00016873
-9.6802e-05
0.00036476
3.9206e-05
-0.00015629
1.111e-05
7.5073e-05
-0.00020519
3.3631e-05
0.00060578
8.1882e-05
-0.00010945
-3.3201e-05
7.6114e-06
-0.00012431
-9.9028e-06
0.00010969
0.000314
0.00017085
-0.00019852
0.00011151
-5.3342e-05
-0.00012732
9.4194e-07
3.0325e-05
0.00018899
-0.00044437
-0.00013318
5.6759e-05
-0.00065498
0.00055335
-1.9306e-05
-1.0023e-05
-0.00050575
-0.00026974
-0.00047922
-9.1026e-05
0.0004197
0.0001218
0.00030837
-1.74e-05
0.00011116
-0.0004063
-6.3034e-05
1.9662e-06
-0.00010083
2.5877e-05
4.662e-05
4.2979e-05
6.3105e-05
6.118e-05
0.0004071
-2.4388e-05
-4.7239e-05
0.00019861
0.00010247
-0.00013395
-6.8419e-05
2.0447e-05
-0.00011801
-0.00014087
-5.9129e-05
7.6376e-05
0.00047268
0.00020176
-6.3463e-05
-0.00017877
0.00011503
0.00040863
1.5125e-06
-0.00022222
7.9757e-05
0.00011942
-0.00014537
-4.0365e-05
6.2108e-05
8.5406e-05
-0.00018642
-0.00012155
0.00034419
4.0754e-05
0.00028187
-0.00054262
0.00024295
-0.00023371
-0.00030129
0.0001057
4.6853e-05
-4.6967e-05
-0.00014636
-0.00068409
-0.00049455
-0.00035872
0.00060974
-0.00026255
0.00060716
7.7484e-05
4.7375e-05
-0.00060651
-9.6852e-05
-5.3657e-05
3.3665e-05
3.7392e-05
0.00040058
-1.947e-05
-0.00010986
-6.8241e-05
-0.00022591
-1.51e-05
0.00016389
0.00012915
-1.1139e-05
-8.5894e-05
0.00027701
-2.9068e-05
-2.6497e-05
-0.0001085
0.00032625
-0.00023799
0.00012333
-8.2068e-05
-8.1313e-05
-0.00014075
-0.00032434
-3.7502e-06
-3.4445e-05
7.9466e-05
0.00012652
2.9836e-06
-6.0166e-05
-0.00011561
-3.0791e-05
-2.6287e-05
0.0002098
0.00027144
-1.0131e-06
-0.00013196
-4.9516e-05
-0.00012899
-0.00015708
0.00046457
0.00028152
9.4927e-05
-0.00010208
-0.0002801
-0.0001245
-4.8824e-05
-0.00069127
1.9955e-05
0.00016285
0.00044945
-0.0003046
-0.0003247
-0.00020037
-3.8897e-05
5.1046e-05
0.00017472
0.00010866
0.00018745
-0.0008346
0.00023272
0.0003042
-0.000398
6.1205e-05
-5.9129e-05
4.0694e-05
-0.00012293
-5.1059e-05
-0.00015646
0.00037456
0.00012776
2.8773e-05
0.00029132
0.00019766
-3.9808e-05
-0.00018313
0.00023872
0.00014453
-5.3339e-05
0.00011823
-7.2695e-05
0.00062233
2.0888e-05
-9.3243e-05
6.6361e-05
-1.9639e-05
0.00022323
0.00012526
0.00038443
1.5949e-05
-0.00038258
-0.00012176
2.6254e-05
-0.00011544
0.00010066
0.00019494
0.00029351
2.2608e-05
-0.00078921
-9.0651e-05
-7.3191e-05
-0.00029899
0.00049749
3.2869e-05
0.00034157
-0.00096733
0.00076109
8.2992e-05
-9.7169e-05
0.001026
-0.00032102
-0.00067213
-0.0011371
-0.00030276
0.00011229
-0.00013865
0.00022573
0.0003067
0.00011989
-0.00040652
-0.00029675
-0.00044164
-7.7206e-05
-0.00020503
-0.00034128
0.00020439
0.00048013
-4.4812e-05
-0.00028217
-0.00015092
-0.00013803
-0.00015371
-3.1155e-05
0.00036492
6.0998e-05
-0.00013463
0.00010347
0.0001471
-4.5498e-05
0.00096079
-0.00023514
-1.3854e-05
-9.7608e-05
-0.00013676
2.3524e-05
4.4106e-05
-5.3551e-05
-0.00046748
-8.1707e-05
6.4915e-05
-0.00018804
-3.2205e-05
0.00015302
1.6629e-05
-0.00010448
-5.6231e-05
0.0001432
0.00040568
2.8093e-05
0.00033285
-0.0010165
0.0005849
0.00029111
0.00018304
-0.00051853
0.00057389
0.00025455
0.0002012
0.00053425
0.00056989
0.00016462
-0.0010581
-0.00053185
0.00019993
0.00032576
0.00088508
0.00031576
8.1993e-05
-1.2013e-05
0.00025182
0.00015792
0.0001872
-3.3333e-05
1.4313e-05
3.2028e-05
-7.1948e-05
1.157e-05
2.4069e-07
7.8367e-05
0.00010724
-5.0732e-05
-1.3273e-05
0.00011074
-7.8522e-05
-5.3313e-05
-0.00011264
-0.00017148
-0.0010947
-0.0014909
0.00076093
0.00014678
6.5094e-05
0.00029597
4.135e-05
-1.6186e-05
-0.00012315
6.0688e-06
-0.00010625
0.00010287
0.00015761
0.00031943
-5.4061e-05
-0.00039589
-0.000206
-6.4494e-05
-0.00033804
2.9691e-05
0.00024009
0.00041844
-0.00068311
-0.00038701
-8.8645e-05
0.00014621
-0.00034778
-0.00059336
0.0005262
0.0013382
-0.0006848
0.00037721
6.3138e-05
0.00025094
-0.0015691
8.2716e-05
0.00021866
-0.00069452
-1.5971e-05
0.00023046
-0.00015393
-3.4716e-05
-0.00082287
-7.7529e-07
-3.4817e-05
-0.00014821
-0.00010874
7.9177e-05
-0.00024579
-2.8976e-05
0.00029366
5.2649e-05
-0.00011702
-5.9403e-06
-1.3129e-05
-0.00019328
-0.0001371
0.00016808
0.00010395
6.0364e-05
0.0013922
4.3854e-05
-0.00034466
-8.77e-05
1.5737e-05
5.4034e-05
8.9886e-05
7.374e-05
3.6251e-05
3.3023e-05
-0.000107
-9.1827e-05
0.00015834
5.0518e-05
0.00028148
0.00027213
-0.00019031
-0.00038984
9.6439e-05
-0.00011336
0.00093581
0.00034645
0.0010025
9.0137e-05
-0.0015952
-0.00070164
-0.0002151
-0.00050452
0.00073327
0.00013637
0.00094907
3.4649e-05
-0.00096361
-0.00056195
-0.00027872
0.00069568
0.00022418
-2.4993e-05
0.00051774
-0.00069167
-0.0007834
0.00023563
0.00012892
-8.5585e-05
0.00016296
-9.6972e-06
-0.00018479
-0.00030765
-0.00017102
0.00035453
-3.4959e-05
2.1422e-06
-0.00011209
5.9734e-05
-4.2865e-05
0.00016863
4.0993e-05
0.00024829
-0.00013215
7.7172e-06
0.00028904
0.00020811
1.8504e-05
5.1495e-05
-2.9936e-06
0.00021971
7.4132e-05
0.00025974
0.00012366
-9.2406e-05
-3.4928e-05
-4.5189e-05
8.9029e-05
0.00010748
8.5354e-05
-0.00014389
-5.4627e-07
-0.00028359
-5.4819e-05
2.8223e-05
-0.0001319
-4.5251e-05
4.0342e-06
0.00024423
-3.8942e-05
-0.00074603
-7.38e-05
0.00027937
-0.0010921
0.00017724
6.9283e-05
-9.1125e-05
-0.0012247
-0.00053658
-5.363e-05
-0.00049175
-0.00016269
0.0004136
9.4349e-05
-0.00079642
-0.00026398
-3.1565e-05
0.00012796
0.0002392
0.00019706
0.00014975
0.00030564
0.00025588
-0.00020293
3.696e-05
0.00039972
9.8465e-05
-9.2871e-05
0.00011533
0.00033093
1.1803e-05
-5.9999e-07
0.00017621
0.0010082
0.00037009
6.4642e-05
0.00010572
-0.00016119
0.00016009
0.00082615
3.4772e-05
-0.00032033
9.688e-05
-0.00010763
-6.4218e-05
0.00010929
0.00027422
0.00020143
-4.9341e-05
8.9913e-05
-0.00016612
0.00026275
0.00023379
-0.00072435
-0.00010805
-0.00014235
0.00029147
-5.1348e-05
2.362e-06
3.5766e-05
0.00077116
-0.00072225
-0.00049766
0.00076743
0.00046769
-0.00045148
-0.00066279
-0.00030345
-0.00029853
-0.00057561
0.00018322
-0.00032126
-0.00024808
-0.00082291
0.00012881
-0.00011973
0.00019384
-7.2464e-05
-0.00019939
-9.6451e-05
-0.0004387
-0.00027634
-0.00034617
8.066e-05
0.00063353
-9.6647e-05
0.00021237
-6.3527e-05
3.1598e-05
-0.00012415
8.2536e-05
0.0013732
0.00010175
-8.3635e-05
-0.00017842
-2.6911e-05
-0.00023817
2.1029e-05
0.00039959
6.6187e-05
1.6716e-05
-2.9529e-05
-2.4316e-05
-0.00012818
-3.97e-05
0.00024728
-3.5093e-05
-1.5965e-05
-4.4229e-05
-0.00032253
-0.00089952
0.00038976
5.3613e-05
-0.0001522
-0.00021976
-0.0001788
-0.00039363
0.00015634
0.0011101
0.00030973
0.00036742
6.4002e-06
0.00074777
-0.00010829
0.00017718
9.9306e-05
1.6765e-05
-0.00021465
-7.2399e-05
-7.878e-05
-0.00040854
-2.3016e-05
-5.2603e-05
-0.00059298
-5.0297e-05
6.189e-05
-0.00021803
-0.00010515
-8.2603e-05
8.5266e-05
0.00014437
1.7683e-05
1.6725e-05
2.7593e-05
-7.3102e-06
2.8257e-05
-0.00021754
3.9564e-05
-1.0416e-06
-1.7019e-05
0.00015782
5.1105e-05
-0.00032793
-9.7813e-05
-3.6371e-05
-0.000203
-0.00020357
-0.00023161
-3.7237e-05
0.0002249
4.2382e-05
7.9993e-05
-0.00010267
-0.00048681
-6.9226e-05
-0.00023464
3.4896e-05
0.0003937
8.1792e-05
-0.00018891
-0.0001858
-2.3533e-05
-0.00033502
-0.00026396
0.00019443
0.0006894
0.00012706
0.00062046
0.00041674
-7.7769e-05
-0.00048712
-0.00050554
0.00036171
0.00049061
0.00054841
-4.6388e-05
-0.00037914
-0.00024369
-8.152e-05
0.00084019
0.00032488
0.00044471
-7.5446e-05
-0.00010924
-0.00068435
-0.00046529
0.00015494
0.00033079
9.1325e-05
0.00016696
-5.173e-06
-9.8048e-05
3.6244e-05
8.1413e-05
-8.6694e-05
-7.2605e-05
-7.4151e-06
8.4142e-05
-0.00010181
-0.00027974
-0.00047244
0.00031114
2.0929e-05
7.2072e-05
0.00067013
-6.7789e-05
0.0001072
-8.8494e-05
0.00030929
-6.3636e-05
2.6684e-05
6.4595e-05
-0.00016357
0.0001212
4.8431e-05
-0.00021442
-0.00011881
-1.998e-05
-0.00044318
-0.00016168
0.0010366
0.00034613
-0.00079411
-4.9675e-05
-8.4339e-05
-0.0014435
-0.00031555
1.994e-05
0.00091662
0.00093521
-0.00026151
0.00040875
-0.0015709
-0.0016987
0.00013636
0.00030335
0.00106
-0.00029605
0.00043411
0.0002656
-0.00072464
2.8024e-05
0.00018037
7.3829e-05
-1.8844e-05
-5.8655e-05
8.4082e-05
9.9919e-05
1.4463e-05
-0.00019487
-3.0476e-05
9.0087e-05
0.00017075
-0.00040404
-5.6864e-05
-7.4355e-05
2.3707e-05
-0.00013797
-2.0461e-05
0.00075214
-0.00033214
6.7873e-05
-8.3018e-05
0.00016942
-5.9771e-05
-0.00018648
-0.00017421
0.000473
5.0015e-05
7.3892e-05
-5.1583e-05
0.00013101
1.6581e-05
-0.00037479
-0.00028973
0.00012362
-0.00013787
0.00030306
6.5184e-05
-0.00057024
-0.00030697
-0.00012808
-0.00025571
-1.2705e-05
9.0356e-07
0.0003926
-0.00057574
0.00094781
0.00066039
-0.00060621
-0.00012679
-0.00044601
0.00013182
-0.00011105
-0.0004289
0.00046206
-6.2638e-05
0.00012517
0.00018576
0.00024568
-0.00011985
7.6579e-05
6.2601e-05
-0.00029276
0.0001578
0.00045378
1.6748e-05
-1.1435e-05
-0.00013539
9.9908e-05
-0.00017696
-7.8675e-05
0.00014484
0.00014083
-3.7167e-05
2.2584e-05
-0.00020405
1.4159e-05
0.0001158
0.00020173
-0.00033675
-1.2248e-05
7.8729e-05
8.5223e-05
0.00020333
1.4818e-05
-4.3717e-05
-6.2163e-05
-0.00028615
0.00018255
5.5969e-05
0.00015927
-5.4878e-05
-8.3172e-05
-0.00014853
6.7259e-05
0.00028303
3.8942e-05
0.00013219
5.9848e-05
0.00026739
-0.00019062
0.00099504
0.00027718
0.00044985
-0.00025722
-9.1765e-05
6.7344e-05
-0.0007768
0.00029733
0.00045379
0.00023727
-0.00047162
-3.2999e-05
-0.00034378
0.00016053
-0.00056918
-0.00015728
0.00043998
0.00010807
4.6491e-05
6.6168e-05
-4.8707e-05
-0.00017975
-2.1436e-05
-0.00012702
-0.00017406
-6.9587e-05
-6.6407e-06
-4.9672e-05
6.17e-05
-2.7613e-06
0.00016945
6.5004e-05
1.2652e-05
2.3259e-05
-0.001151
-0.00045736
0.00020765
0.00074321
8.1387e-06
-0.00026723
-2.1207e-05
0.00074503
3.5945e-05
-1.182e-06
-2.3028e-05
7.7985e-05
-1.11e-06
-9.8731e-06
-4.7335e-05
-0.00012583
0.00013057
-0.00010641
0.00023744
2.7456e-05
5.4985e-05
-0.00055892
-0.00010371
-0.00034766
5.4999e-05
0.00027417
-0.00015929
0.00013328
0.00020478
-0.00074478
-0.00090249
-0.00055607
0.00055325
-0.0013545
0.00027041
-0.00067534
-0.00035806
-0.00046825
0.00010886
-0.00035899
-3.9969e-05
0.00044697
0.00015895
7.621e-06
7.9572e-05
0.00018448
0.0001319
-2.0238e-06
2.8819e-05
-4.4011e-05
-7.2503e-05
-0.0001557
0.00034084
0.00026807
-5.8168e-05
1.7914e-05
0.00042882
-0.00028491
-0.00021289
0.00042799
0.0012259
0.00053928
0.00033613
-4.0821e-05
-0.00010508
0.00014181
8.005e-05
-7.4316e-05
3.2589e-05
0.000325
0.00011354
-7.7656e-05
-2.7444e-05
-4.8447e-05
-0.00020691
9.6939e-05
0.0001602
8.0565e-06
0.00020955
7.0002e-05
-0.0003058
-9.8758e-05
-0.00053235
-7.1023e-05
3.8714e-06
0.00010201
-0.00049182
0.00015885
0.00013193
-0.00028231
0.0012375
-0.0007729
0.00030223
0.0002572
0.00034648
-6.7853e-05
-0.00026399
-0.00014071
-0.00079973
-0.00026655
-0.0004624
0.00025613
-3.7861e-05
-4.0497e-05
-8.6269e-05
-0.00019647
-0.00014846
-0.00015155
1.9048e-05
3.3169e-06
-9.5605e-06
0.00013342
-0.00024977
3.457e-05
9.9763e-05
-1.9943e-05
1.752e-05
7.7015e-05
-0.00017072
0.00050852
-0.00047844
5.9339e-06
-8.5911e-05
-2.8437e-05
-2.9684e-05
-4.3034e-06
1.3959e-05
0.0003307
0.00017403
-2.8175e-05
-0.00033801
-0.00016349
2.2677e-05
-0.0001006
0.00014567
0.0004461
0.00031747
-4.703e-05
-6.5748e-05
0.00029222
-5.5934e-06
0.00062549
-0.00012342
0.00032951
8.4098e-05
-7.7411e-05
-0.00019993
0.00010258
-8.7901e-05
-0.00063117
0.00085598
0.00080241
8.4506e-06
-0.0010618
-6.874e-05
-7.7277e-05
0.00032504
-0.00020809
0.00022899
0.00010666
-0.00063094
-0.0001871
-2.0195e-05
-4.1325e-05
-1.8943e-06
0.00019054
0.00025294
-0.00013792
-0.00013227
-0.00014565
2.8055e-05
-7.4155e-05
7.2109e-05
0.00012029
0.00010556
-0.00030795
-5.9871e-05
2.1085e-05
-0.00080352
-0.00076979
9.2021e-05
-0.00010084
-0.00014471
-0.00022483
2.1274e-05
2.0048e-05
-0.00021301
0.00017479
0.00018856
0.00018575
-6.3279e-05
9.584e-06
-1.2275e-05
-4.4504e-05
9.8836e-07
-7.2582e-05
0.00070488
-3.5869e-05
9.6692e-05
-0.00012692
0.00022258
6.2067e-05
-0.00044647
-0.00050454
0.00051643
0.00046274
0.00017022
-0.00060341
1.0659e-05
-0.00031916
0.00041358
0.00099428
-9.9225e-05
0.00022152
-4.8175e-05
-5.3229e-05
-0.00051674
-2.2929e-05
-0.0002244
0.00089878
0.00010624
0.00015016
-6.551e-05
-0.00015402
-8.7846e-05
-0.00016454
0.00014743
0.00024074
7.0827e-06
1.8589e-06
-0.00010115
-4.4835e-05
-0.00017289
-1.4401e-05
4.3525e-05
1.7243e-05
-0.00035233
-0.00082276
-2.7332e-05
0.00026001
-4.412e-05
-0.00023202
1.6439e-05
-0.0001568
4.7462e-05
-1.5277e-05
-5.8231e-05
0.00011044
-9.2306e-05
-0.00014126
-5.8278e-05
-0.00015199
-0.00011091
-0.00015382
0.00015058
0.0004651
-6.7604e-05
-0.00013649
0.00012703
-0.00086675
-0.00016261
-0.00043404
-2.9174e-05
0.00033338
-0.00015554
-9.6991e-05
-0.00061612
-0.00062019
-0.00028478
0.00031337
0.00033629
0.00039795
8.8327e-05
0.0001676
-0.00037779
0.00011408
-0.00028068
0.0011845
5.6655e-05
6.9015e-06
7.3804e-05
-0.00018654
5.3208e-05
0.00021861
-5.7621e-05
9.1332e-05
8.4145e-05
-4.6336e-06
-9.9085e-05
-0.00011833
0.00010015
2.9881e-05
-6.0428e-05
0.0002848
-9.6717e-05
0.0001734
0.00026352
-9.3161e-05
0.00028883
-2.5962e-05
-0.0004245
4.3285e-05
0.00014337
-2.349e-05
-0.00047852
-7.7472e-05
0.0001359
-0.00034595
6.2719e-05
0.00020696
8.6015e-05
2.6279e-05
0.00018685
7.0755e-05
0.00016797
-7.4235e-05
0.00034818
9.3621e-05
0.00029289
-0.00030933
6.8083e-05
-0.00017415
-0.00026657
0.00011543
0.00024519
0.00028113
-0.00031935
0.00063881
-0.0011908
0.00017535
-0.00018232
-6.2505e-05
0.00025032
2.6237e-06
-0.00040734
-4.0053e-05
0.00078339
4.8873e-05
-1.7353e-05
0.00011256
9.3486e-05
-3.5102e-05
0.00019478
0.00017357
-2.9057e-05
-0.00023474
0.00014491
-4.4923e-05
-4.0984e-05
-4.621e-05
0.00010917
0.00019501
-0.00020573
-0.00011577
-0.0004878
-0.00047833
-0.00028966
-6.1967e-05
0.00010907
0.00038932
3.2341e-05
8.8467e-06
-0.00010505
0.00015045
-2.8706e-05
0.00042208
0.0002342
4.392e-05
0.00012784
-4.4537e-05
6.0091e-06
3.1566e-05
0.00030529
-0.00022188
-0.00034335
-0.00033967
5.9642e-05
-0.00025962
-4.158e-05
0.0004398
0.00017974
-0.00095829
4.9754e-06
-0.00018562
0.0003498
-0.00040549
-0.00014268
0.00040743
-0.00028656
-0.00021633
-0.00015952
7.2712e-05
0.00011075
-0.0005496
0.00065872
-6.1722e-05
-2.3827e-05
6.2201e-05
-2.9895e-05
1.9863e-05
-0.00012773
0.00011243
0.00031643
-4.6278e-05
6.9328e-06
2.8096e-05
-0.00014285
-0.00024992
-6.0051e-05
7.6358e-05
9.6951e-05
6.8753e-05
0.00012788
-0.0005286
0.00040515
0.00056652
0.00022343
0.00010048
6.4e-05
-5.7704e-05
0.0007645
1.7899e-05
-0.00054632
-2.0527e-06
0.00030207
0.00014366
6.66e-06
0.00015029
0.00027445
-2.6204e-05
-0.00021207
0.00015231
-0.00082087
-0.0003041
0.00014951
4.9435e-05
-1.6906e-05
-3.6824e-05
6.7799e-05
0.00028138
-0.00080142
0.0011125
0.00033218
-0.00037837
-0.00037924
-1.64e-05
-0.00094456
-0.00051017
-0.00051406
0.00054793
-0.00033243
2.2072e-05
-0.00094361
0.00032922
-0.00019121
-0.00054865
-6.3955e-05
0.00014227
0.00012692
-2.1021e-05
7.2584e-05
0.00010829
7.2209e-05
-0.00023482
4.3158e-05
0.00030509
0.00025742
7.8502e-05
-0.00015698
0.00018292
-0.00042468
-4.0247e-05
0.0011033
-7.1474e-05
